0.0 1.8894444 4.5365185 2.0149442 4.3358967 1.1489125 4.4698993 1.3674794 1.4456832 1.584298 1.174734 1.3 1.3 1.24499 1.1224972 4.3760713 1.1045361 1.43527 4.3749286 4.4508426 0.4898979 1.118034 4.054627 4.5276926 0.781025 4.8713448 3.9661064 1.421267 2.4677925 4.1533119 0.9848858 1.17047 4.3185646 0.728011 0.8062258 1.6763055 4.1206796 0.8306624 1.2922848 1.6401219 1.1357817 4.5442271 1.1445523 4.0767634 4.3324358 2.4083189 1.0246951 1.1958261 1.1045361 1.3228757 1.805547 2.1587033 1.1401754 1.9052559 0.8124038 1.029563 1.3228757 0.7745967 1.6613248 0.83666 1.183216 4.2638011 0.509902 1.4387495 1.8734994 1.6124515 1.174734 1.8138357 4.3428102 4.8559242 0.8124038 1.5165751 4.1133928 4.419276 1.4662878 4.3965896 0.6403124 2.5845696 4.4609416 1.3 1.9 1.4282857 4.4743715 1.5684387 1.3190906 1.029563 0.83666 4.3104524 4.2953463 0.9 1.2288206 4.5596052 0.7874008 4.4022721 0.5196152 1.2165525 4.6260134 4.4508426 1.7691806 4.3680659 4.613025 4.1146081 1.6613248 1.3453624 2.3706539 4.4170126 4.3760713 4.3874822 1.2569805 1.473092 4.56618 3.9887341 1.4899664 4.180909 2.6267851 2.4839485 2.6944387 1.5459625 4.5055521 0.728011 4.6357308 2.5159491 4.3428102 4.2965102 1.9519221 4.4068129 0.9273618 1.4899664 1.7 2.1377558 0.7549834 0.9327379 1.0908712 1.161895 4.2154478 2.0420578 1.0723805 0.509902 4.3185646 1.4525839 1.5132746 0.7874008 1.4832397 4.456456 4.2731721 4.3760713 0.9327379 1.7233688 2.6851443 4.4866469
1.8894444 0.0 3.4132096 2.8478062 3.0545049 2.7477263 3.2357379 1.4282857 1.3416408 0.678233 1.7 1.2884099 0.9486833 1.1045361 1.0723805 3.0133038 0.9949874 0.781025 3.0545049 3.3015148 1.5264338 1.1401754 2.8160256 3.232646 1.2961481 3.6823905 2.8530685 0.842615 1.2247449 2.9257478 1.9646883 1.2247449 3.0364453 1.4491377 2.1260292 1.029563 2.9034462 1.3490738 0.969536 0.4898979 2.1771541 3.2588341 2.1260292 2.9342802 3.082207 1.1357817 1.9442222 2.6153394 1.118034 2.1118712 0.5196152 3.1032241 1.4662878 0.5830952 1.3379088 1.3820275 1.4282857 1.4106736 1.6278821 1.8248288 1.4317821 2.9410882 1.5198684 0.7348469 0.9486833 0.6557439 1.0816654 2.6608269 3.1032241 3.5707142 1.7058722 0.9 2.7802878 3.3970576 1.6370706 3.1080541 1.5811388 1.3820275 3.2634338 0.7348469 3.1717503 0.842615 3.1064449 2.5826343 2.5278449 2.3600847 2.0712315 3.1256999 3.0463092 1.8601075 2.4083189 3.1685959 2.2649503 3.0413813 1.4764823 2.1886069 3.3896903 3.2186954 2.3832751 3.122499 3.3361655 2.9832868 0.591608 2.634388 3.342155 3.1464265 3.0133038 3.0789609 0.8888194 1.1489125 3.2372828 2.7495454 0.9110434 2.9 3.6262929 1.3190906 3.5958309 1.2727922 3.3630343 1.3856406 3.4292856 3.3970576 3.1796226 3.0149627 2.745906 3.1 2.4596748 0.7416198 0.5830952 0.7071068 2.1307276 2.0639767 1.1135529 1.6186414 2.8354894 0.6164414 2.4124676 1.5198684 3.0232433 1.1401754 0.9486833 1.5132746 0.591608 3.1416556 3.1096624 3.0133038 1.9442222 0.5477226 3.7656341 3.2186954
4.5365185 3.4132096 0.0 5.6124861 0.9486833 5.2820451 0.8717798 3.9025633 4.0804412 3.207803 4.6904158 3.6207734 3.7696154 3.8587563 3.792097 1.260952 3.6386811 3.544009 1.3928388 0.3872983 4.1785165 3.5707142 1.174734 1.7029386 4.0706265 1.1532563 0.781025 3.4351128 2.8478062 0.9848858 4.6249324 3.5707142 0.7681146 4.0755368 4.9406477 3.1670175 0.5477226 4.2602817 3.3361655 3.2264532 4.8528342 1.2845233 4.611941 0.969536 0.5196152 3.1843367 4.6701178 5.1019604 4.347413 5.1234754 3.1559468 5.7253821 3.7815341 3.132092 4.2071368 4.240283 3.8871583 4.4022721 3.9471509 4.4855323 3.5298725 1.3190906 4.3497126 3.3630343 2.7838822 3.2954514 3.671512 5.2545219 0.5477226 1.7262677 4.6 3.2124757 0.8602325 0.3605551 4.1364236 1.4247807 4.224926 2.5337719 1.2083046 3.9736633 5.5344376 3.283291 1.3928388 5.2782573 5.0852729 5.07937 4.9010203 0.6 1.0816654 4.350862 4.9345719 2.1517435 4.6411206 1.3416408 4.3737855 4.7728398 1.4899664 0.781025 5.0645829 0.8124038 1.6309506 0.4795832 3.4029399 5.2297227 6.041523 0.8062258 1.260952 0.8544004 3.5805028 3.6180105 1.1357817 1.0723805 3.481379 0.83666 6.4853681 2.8017851 5.8446557 3.6180105 0.3464102 3.9761791 0.4123106 6.1749494 0.5830952 1.2961481 5.5272054 1.029563 4.874423 3.2403703 3.0967725 2.7658633 4.6292548 4.6615448 4.1797129 4.2532341 1.3152946 3.0282008 5.0129831 4.3497126 0.9 3.7881394 3.1543621 3.9089641 3.8026307 0.7071068 0.678233 1.260952 4.7465777 3.2046841 6.090156 1.3453624
2.0149442 2.8478062 5.6124861 0.0 5.5803226 1.3190906 5.7358522 1.7464249 1.6340135 2.6438608 1.4764823 2.0566964 2.0904545 1.9052559 2.0396078 5.6329388 2.2405357 2.7018512 5.702631 5.6187187 2.2135944 2.4959968 5.3310412 5.9143892 1.8627936 6.1991935 5.1932649 2.3366643 3.910243 5.4396691 1.2206556 2.6362853 5.5108983 1.8466185 1.2124356 3.2202484 5.1749396 1.7916473 2.5436195 2.8266588 0.9949874 5.8660038 1.3747727 5.4018515 5.4635154 3.8183766 1.1357817 1.17047 1.9899749 0.8774964 3.0495901 0.678233 1.9390719 3.1984371 1.7320508 1.5937377 3.0282008 1.6911535 1.7029386 1.3784049 2.2847319 5.5623736 1.933908 2.7549955 3.2295511 2.9899833 2.1213203 0.4358899 5.4990908 6.2401923 1.3638182 2.7092434 5.2516664 5.4598535 1.5 5.7384667 1.8466185 4.0472213 5.8137767 2.2427661 1.0148892 2.6870058 5.758472 0.5477226 0.9273618 1.029563 1.183216 5.5045436 5.5812185 1.4866069 0.9848858 5.9539903 1.5874508 5.6868269 2.1095023 1.0488088 6.0049979 5.687706 0.5567764 5.6089215 5.9983331 5.2659282 3.0232433 0.8660254 0.5291503 5.6364883 5.6329388 5.5883808 2.4617067 2.0663978 5.8266629 5.2773099 2.2494444 5.3721504 0.9273618 3.9560081 1.1045361 2.0420578 5.6373753 1.9874607 5.6595053 0.6082763 5.5623736 5.6124861 0.2645751 5.6586217 1.4491377 2.7676705 2.9 3.3361655 1.4662878 1.3527749 1.7916473 1.4387495 5.4726593 3.3 1.118034 1.933908 5.5398556 1.9052559 2.8266588 2.0736441 2.2847319 5.5821143 5.5208695 5.6329388 1.2206556 2.787472 1.1357817 5.8266629
4.3358967 3.0545049 0.9486833 5.5803226 0.0 5.2191953 0.244949 3.8613469 3.9912404 3.0049958 4.4833024 3.5623026 3.579106 3.7296112 3.6249138 0.3316625 3.4554305 3.2093613 0.4690416 0.7 3.9395431 3.3481338 0.4472136 0.7874008 3.9051248 0.6708204 0.6082763 3.2771939 2.2561028 0.2236068 4.5398238 3.318132 0.2236068 3.9357337 4.8093659 2.7802878 0.83666 4.0509258 3.1543621 2.9206164 4.796874 0.4123106 4.590207 0.4242641 0.5 2.5690465 4.5793013 5.0823223 4.0472213 4.9749372 2.7820855 5.7463032 3.7282704 2.7110883 4.0373258 4.0865633 3.4741906 4.2 3.9648455 4.3977267 3.4583233 0.3741657 4.1206796 3.057777 2.4959968 2.9189039 3.524202 5.2621288 0.4242641 0.9055385 4.4474712 2.9899833 0.4472136 1.2369317 4.1170378 0.5 4.0607881 1.9697716 0.4242641 3.6837481 5.5973208 3.0397368 0.4690416 5.2478567 5.0695167 4.98999 4.7686476 0.4242641 0.2236068 4.3 4.914265 1.2288206 4.5891176 0.4242641 4.0975602 4.7455242 0.663325 0.2236068 5.0447993 0.2 0.7483315 0.7 2.9866369 5.2009614 6.0448325 0.1732051 0.3316625 0.2236068 3.3256578 3.5454196 0.3605551 0.3872983 3.3555923 0.4472136 6.4420494 2.2113344 5.9849812 3.5818989 0.7348469 3.822303 1.0440307 6.1587336 0.4242641 0.3741657 5.4927225 0.1414214 4.8311489 2.9698485 2.8089144 2.4020824 4.56618 4.5989129 3.968627 4.189272 0.4123106 2.5942244 4.9628621 4.1206796 0.1 3.691883 2.9137605 3.7815341 3.5383612 0.5477226 0.3741657 0.3316625 4.6162756 2.9206164 6.2040309 0.4582576
1.1489125 2.7477263 5.2820451 1.3190906 5.2191953 0.0 5.3535035 1.7 1.7748239 2.3937418 1.3784049 1.8083141 1.9157244 1.8027756 1.7606817 5.2924474 1.8708287 2.3194827 5.3235327 5.2602281 1.4832397 1.9570386 4.9355851 5.4972721 1.4798649 5.7680153 4.7864392 2.1213203 3.4971417 5.0467812 0.8888194 2.0371549 5.1759057 1.3527749 0.7141428 2.6814175 4.8928519 1.4387495 2.118962 2.5357445 0.8660254 5.4726593 1.118034 4.9699095 5.1487863 3.4467376 0.9327379 0.5 1.8165902 1.1532563 2.7386128 1.4491377 1.5811388 2.8722813 1.43527 1.43527 2.3430749 1.4142136 1.8439089 1.0099505 1.7776389 5.1903757 1.3341664 2.3515952 2.8017851 2.5922963 1.8165902 1.1445523 5.1672043 5.8189346 1.1045361 2.3194827 4.9598387 5.1215232 1.6155494 5.3357286 1.24499 3.611094 5.375872 2.1142375 0.9539392 2.2803509 5.4092513 0.9486833 0.7071068 0.509902 0.7615773 5.132251 5.1874849 1.0535654 0.6403124 5.5830099 0.6480741 5.3385391 1.5 0.9591663 5.5677644 5.3131911 1.3228757 5.242137 5.5749439 4.9061186 2.6608269 0.5567764 1.5165751 5.2848841 5.2924474 5.2602281 2.0736441 1.9874607 5.4799635 4.8918299 2.1213203 5.0477718 1.8165902 3.508561 1.7944358 1.9924859 5.2782573 1.4525839 5.3916602 1.7175564 5.1749396 5.217279 1.3527749 5.3047149 0.4242641 2.3790755 2.5903668 3.057777 0.7416198 0.9643651 1.6881943 1.3747727 5.1410116 2.9983329 0.6082763 1.3341664 5.1951901 1.9104973 2.3727621 1.4491377 2.236068 5.2971691 5.1244512 5.2924474 0.9 2.5436195 1.6703293 5.417564
4.4698993 3.2357379 0.8717798 5.7358522 0.244949 5.3535035 0.0 4.0062451 4.1460825 3.1606961 4.6604721 3.7054015 3.7509999 3.8820098 3.7868192 0.5 3.611094 3.3882149 0.5477226 0.5744563 4.0865633 3.5057096 0.6480741 0.8602325 4.0533936 0.5196152 0.6855655 3.4351128 2.4351591 0.3316625 4.6914816 3.4770677 0.3 4.0828911 4.9547957 2.9410882 0.8602325 4.2154478 3.3030289 3.0903074 4.936598 0.4358899 4.7127487 0.4242641 0.5 2.75318 4.7318073 5.2086467 4.2213742 5.1371198 2.9597297 5.8804762 3.8704005 2.8896367 4.1880783 4.2497059 3.6345564 4.352011 4.106093 4.5387223 3.5972211 0.5477226 4.2755117 3.2264532 2.6476405 3.088689 3.6823905 5.4101756 0.4242641 0.9055385 4.6 3.1559468 0.5830952 1.161895 4.2626283 0.6082763 4.2130749 2.1307276 0.4242641 3.8483763 5.7210139 3.2031235 0.5830952 5.3907328 5.2019227 5.1341991 4.9173163 0.4472136 0.3872983 4.4350874 5.052722 1.3 4.7180504 0.5291503 4.2508823 4.8805737 0.678233 0.1732051 5.1990384 0.1414214 0.7874008 0.7 3.1591138 5.3376025 6.1919302 0.1732051 0.5 0.2645751 3.4957117 3.691883 0.3316625 0.5 3.5099858 0.4690416 6.5924199 2.3895606 6.1155539 3.7242449 0.6928203 3.968627 0.9539392 6.3111013 0.3741657 0.5291503 5.6435804 0.244949 4.9598387 3.1336879 2.974895 2.5748786 4.6957428 4.7275787 4.1340053 4.3347434 0.591608 2.7766887 5.0941143 4.2755117 0.2645751 3.8483763 3.0740852 3.9242834 3.7067506 0.509902 0.3162278 0.5 4.7738873 3.1 6.3364028 0.5196152
1.3674794 1.4282857 3.9025633 1.7464249 3.8613469 1.7 4.0062451 0.0 0.3464102 0.9899495 1.1958261 0.3741657 0.7348469 0.3741657 0.6403124 3.9293765 0.7549834 1.3674794 3.9937451 3.8858718 1.260952 1.1224972 3.6373067 4.2320208 0.663325 4.4766059 3.4785054 0.7 2.3958297 3.7148351 0.9055385 1.3190906 3.7868192 0.7071068 1.2165525 1.7492856 3.4539832 0.9055385 0.9486833 1.2806248 1.0099505 4.1545156 0.9165151 3.6701499 3.7389838 2.4062419 0.8831761 1.4282857 1.1789826 1.2884099 1.5394804 1.9 0.4582576 1.7029386 0.6708204 0.6403124 1.9183326 0.8774964 0.3316625 0.7416198 0.7937254 3.8613469 1.1357817 1.2884099 1.5811388 1.5264338 0.6244998 1.4282857 3.7749172 4.5486262 0.8774964 1.161895 3.5312887 3.7603191 0.2828427 4.0422766 0.9486833 2.4433583 4.1024383 1.0488088 1.8601075 1.1532563 4.0583248 1.4035669 1.3 1.3228757 1.161895 3.7881394 3.8729833 0.678233 1.183216 4.2988371 1.2124356 3.9786933 1.3038405 0.9433981 4.3069711 3.9648455 1.2165525 3.8794329 4.3069711 3.5411862 1.6155494 1.4491377 2.1886069 3.9115214 3.9293765 3.8626416 1.0816654 0.3464102 4.1036569 3.5496479 0.5744563 3.6373067 2.5942244 2.4372115 2.251666 0.3162278 3.9306488 0.7745967 3.9446166 2.310844 3.8379682 3.9127995 1.6431677 3.9382737 1.3674794 1.2206556 1.3038405 1.7146428 1.0488088 0.9486833 0.7483315 0.3741657 3.7682887 1.7832555 1.2727922 1.1357817 3.8183766 0.3162278 1.2727922 0.8660254 0.9643651 3.8535698 3.7907783 3.9293765 1.0488088 1.2569805 2.4454039 4.1231056
1.4456832 1.3416408 4.0804412 1.6340135 3.9912404 1.7748239 4.1460825 0.3464102 0.0 1.0677078 1.0816654 0.6480741 0.7348469 0.3741657 0.7141428 4.0348482 0.8660254 1.3892444 4.1 4.0521599 1.3453624 1.2569805 3.7696154 4.3324358 0.7211103 4.621688 3.6469165 0.7937254 2.4289916 3.8522721 0.9486833 1.4491377 3.9217343 0.83666 1.2 1.8384776 3.6097091 0.8831761 1.1045361 1.3114877 1.0099505 4.2731721 1.0 3.822303 3.8858718 2.3937418 0.8831761 1.5099669 1.0246951 1.1224972 1.5588457 1.8303005 0.7416198 1.7146428 0.6557439 0.591608 1.9697716 0.7937254 0.4582576 0.8062258 1.0630146 3.9711459 1.161895 1.3490738 1.7029386 1.5588457 0.7549834 1.3856406 3.923009 4.6551047 0.8185353 1.2845233 3.6565011 3.9572718 0.3464102 4.1545156 1.0488088 2.5119713 4.2391037 0.9055385 1.9235384 1.260952 4.1581246 1.3527749 1.3379088 1.3304135 1.1357817 3.9458839 4.0049969 0.83666 1.2489996 4.3588989 1.3747727 4.0804412 1.3038405 0.9746794 4.428318 4.1085277 1.1135529 4.0187063 4.414748 3.7121422 1.6093477 1.4764823 2.1 4.0472213 4.0348482 3.9899875 1.1445523 0.4898979 4.2190046 3.6823905 0.6557439 3.7696154 2.463737 2.4859606 2.2649503 0.509902 4.1024383 0.9165151 4.1036569 2.1863211 3.9987498 4.0311289 1.5165751 4.0607881 1.5 1.3076697 1.3638182 1.7606817 1.174734 1.0099505 0.6 0.4242641 3.8678159 1.7944358 1.3190906 1.161895 3.9471509 0.3162278 1.4071247 1.0630146 0.8185353 3.9837169 3.9484174 4.0348482 1.029563 1.2884099 2.4617067 4.2426407
1.584298 0.678233 3.207803 2.6438608 3.0049958 2.3937418 3.1606961 0.9899495 1.0677078 0.0 1.6155494 0.7348469 0.7071068 0.7483315 0.7141428 3.0364453 0.5567764 0.7549834 3.0805844 3.1304952 1.24499 0.7615773 2.7694765 3.2969683 0.9486833 3.6193922 2.6870058 0.3316625 1.4282857 2.8530685 1.6370706 0.9055385 2.9597297 1.0488088 1.8601075 0.9165151 2.7294688 1.1489125 0.4 0.3741657 1.8493242 3.2588341 1.7146428 2.8195744 2.9597297 1.4798649 1.6431677 2.2226111 1.1874342 1.9849433 0.6244998 2.8301943 0.9327379 0.7745967 1.0535654 1.1357817 1.3928388 1.2206556 1.2124356 1.459452 0.842615 2.9580399 1.2922848 0.5477226 0.6480741 0.6708204 0.6403124 2.3706539 2.9849623 3.6235342 1.4662878 0.5 2.7110883 3.1272992 1.2569805 3.1304952 1.2409674 1.459452 3.2202484 0.8124038 2.7748874 0.4582576 3.1511903 2.3 2.1656408 2.0615528 1.8138357 2.9949958 3.0033315 1.421267 2.034699 3.3316662 1.8248288 3.0740852 1.3190906 1.8248288 3.3985291 3.1336879 2.1400935 3.0413813 3.3808283 2.792848 0.781025 2.293469 3.1128765 3.0757113 3.0364453 3.0232433 0.6403124 0.678233 3.2280025 2.6795522 0.4358899 2.8124722 3.4655447 1.4764823 3.2388269 0.7874008 3.1921779 0.969536 3.2526912 3.215587 3.0413813 3.0149627 2.541653 3.0708305 2.0420578 0.4123106 0.3464102 0.7348469 1.7146428 1.68523 0.9899495 1.2489996 2.8670542 0.83666 2.0542639 1.2922848 2.9698485 0.7874008 0.5477226 1.0440307 0.6708204 3.057777 2.9782545 3.0364453 1.6911535 0.4472136 3.4146742 3.2218007
1.174734 1.7 4.6904158 1.4764823 4.4833024 1.3784049 4.6604721 1.1958261 1.0816654 1.6155494 0.0 1.2922848 0.9433981 1.1 0.9486833 4.4933284 1.1489125 1.356466 4.5497253 4.6551047 1.0677078 1.2767145 4.1785165 4.6968074 0.9219544 5.0842895 4.1388404 1.3416408 2.5980762 4.3416587 0.7141428 1.3674794 4.4575778 0.9 0.8774964 1.926136 4.2449971 0.5567764 1.473092 1.6401219 1.0723805 4.7169906 1.396424 4.3197222 4.4665423 2.4779023 0.7 1.4387495 0.7348469 0.7549834 1.8 1.9442222 1.174734 1.9313208 0.83666 0.5830952 1.6583124 0.8124038 1.4071247 0.9165151 1.3784049 4.4022721 0.7745967 1.4933185 2.0856654 1.7146428 1.077033 1.3747727 4.4833024 5.0338852 0.663325 1.5231546 4.2166337 4.6054316 1.1789826 4.5552168 0.781025 2.8035692 4.6626173 1.1789826 1.9157244 1.4899664 4.6021734 1.3190906 1.3490738 1.0 0.7874008 4.4586994 4.4463468 1.0630146 1.161895 4.7275787 1.2247449 4.5475268 0.9433981 1.1916375 4.8145612 4.6141088 1.2041595 4.5453273 4.7937459 4.2883563 1.7378147 1.3228757 1.9748418 4.570558 4.4933284 4.5310043 1.1916375 1.3601471 4.7296934 4.1844952 1.3711309 4.352011 2.2494444 2.6324893 2.3832751 1.4317821 4.6432747 0.9848858 4.7801674 2.0420578 4.5232732 4.4452222 1.4933185 4.5585085 1.2961481 1.5684387 1.7406895 2.1748563 1.161895 1.2206556 0.7416198 0.9848858 4.3370497 2.0420578 1.2688578 0.7745967 4.4598206 1.161895 1.6340135 1.0954451 1.2569805 4.5934736 4.4743715 4.4933284 0.5385165 1.584298 2.4186773 4.6572524
1.3 1.2884099 3.6207734 2.0566964 3.5623026 1.8083141 3.7054015 0.3741657 0.6480741 0.7348469 1.2922848 0.0 0.6164414 0.4242641 0.4795832 3.6359318 0.5 1.1269428 3.6945906 3.5972211 1.1 0.8246211 3.324154 3.923009 0.6164414 4.1641326 3.1654384 0.4582576 2.1118712 3.4088121 1.0488088 1.0198039 3.4957117 0.6164414 1.3638182 1.43527 3.1827661 0.8831761 0.6164414 1.029563 1.2489996 3.8496753 1.1224972 3.3570821 3.4554305 2.1563859 1.0677078 1.5937377 1.1874342 1.5362291 1.2845233 2.2203603 0.2645751 1.4491377 0.7141428 0.728011 1.6673332 0.9539392 0.6403124 0.8888194 0.4582576 3.5594943 1.0630146 1.0099505 1.2569805 1.260952 0.3872983 1.7262677 3.485685 4.2391037 1.0246951 0.842615 3.2511536 3.4842503 0.6480741 3.7336309 0.8602325 2.1424285 3.7854986 1.0198039 2.0880613 0.842615 3.764306 1.6881943 1.5264338 1.4933185 1.3152946 3.485685 3.5637059 0.7874008 1.3784049 4.0124805 1.2369317 3.6864617 1.2165525 1.1958261 3.9912404 3.6633318 1.5427249 3.5818989 3.9962482 3.2465366 1.3820275 1.6613248 2.5 3.6166283 3.6359318 3.5749126 0.8306624 0.3162278 3.8131352 3.2465366 0.4123106 3.354102 2.9068884 2.1400935 2.5436195 0.3464102 3.6345564 0.6164414 3.6851052 2.634388 3.5341194 3.6041643 1.9697716 3.6428011 1.4387495 0.9219544 1.029563 1.4491377 1.1313708 1.1224972 0.8124038 0.6480741 3.4785054 1.5297059 1.456022 1.0630146 3.524202 0.4242641 0.9380832 0.6557439 0.9327379 3.5818989 3.485685 3.6359318 1.183216 1.0099505 2.7166155 3.8131352
1.3 0.9486833 3.7696154 2.0904545 3.579106 1.9157244 3.7509999 0.7348469 0.7348469 0.7071068 0.9433981 0.6164414 0.0 0.509902 0.2236068 3.6027767 0.3872983 0.7 3.6646964 3.7282704 0.9643651 0.6480741 3.3 3.8457769 0.6164414 4.1928511 3.2372828 0.4358899 1.8601075 3.4380227 1.086278 0.8124038 3.5411862 0.663325 1.3784049 1.2247449 3.312099 0.5830952 0.6480741 0.7874008 1.4071247 3.8314488 1.4491377 3.4161382 3.5411862 1.8248288 1.0954451 1.8165902 0.7416198 1.421267 0.9949874 2.4020824 0.6708204 1.1575837 0.6708204 0.5385165 1.3490738 0.842615 1.0049876 1.0440307 0.7549834 3.5199432 0.8660254 0.7211103 1.2165525 0.9746794 0.3 1.8493242 3.5623026 4.1773197 0.9746794 0.6708204 3.2939338 3.6878178 0.9273618 3.6851052 0.7745967 1.9974984 3.7828561 0.7071068 2.3452079 0.6557439 3.7188708 1.8138357 1.7349352 1.5524175 1.3076697 3.5510562 3.5580894 1.0583005 1.5556349 3.8961519 1.4387495 3.6565011 0.9899495 1.4247807 3.9509493 3.7067506 1.6186414 3.631804 3.9357337 3.3674916 1.0535654 1.8165902 2.5903668 3.6578682 3.6027767 3.6138622 0.4582576 0.6480741 3.8236109 3.2771939 0.5196152 3.4249088 2.9410882 1.8973666 2.787472 0.7615773 3.7349699 0.6480741 3.8444766 2.6832816 3.6124784 3.5679126 2.034699 3.6537652 1.6278821 0.728011 0.8602325 1.2961481 1.3490738 1.3638182 0.509902 0.8602325 3.4438351 1.2489996 1.6431677 0.8660254 3.5496479 0.5291503 0.8124038 0.7549834 0.6244998 3.6619667 3.5623026 3.6027767 1.1045361 0.7071068 2.9257478 3.7815341
1.24499 1.1045361 3.8587563 1.9052559 3.7296112 1.8027756 3.8820098 0.3741657 0.3741657 0.7483315 1.1 0.4242641 0.509902 0.0 0.4358899 3.7709415 0.5196152 1.0816654 3.822303 3.8105118 1.0723805 0.9273618 3.4971417 4.0435133 0.4690416 4.347413 3.3852622 0.4795832 2.1071308 3.5805028 1.0 1.1224972 3.671512 0.6164414 1.2247449 1.4832397 3.3896903 0.7211103 0.7483315 0.9899495 1.1401754 3.9974992 1.0677078 3.5425979 3.6496575 2.0856654 0.969536 1.5811388 0.8774964 1.2884099 1.24499 2.0904545 0.5567764 1.4 0.4795832 0.5385165 1.6431677 0.6708204 0.6557439 0.8062258 0.7937254 3.6972963 0.9539392 1.0099505 1.3638182 1.2206556 0.4582576 1.6431677 3.6810325 4.3692105 0.8185353 0.9643651 3.4161382 3.744329 0.5830952 3.8729833 0.8602325 2.184033 3.9560081 0.678233 2.092845 0.9219544 3.8897301 1.5652476 1.473092 1.4035669 1.17047 3.6945906 3.7336309 0.8124038 1.3638182 4.0718546 1.3152946 3.8118237 1.0677078 1.118034 4.1412558 3.8496753 1.4071247 3.7589892 4.1267421 3.4698703 1.2845233 1.6062378 2.3685439 3.792097 3.7709415 3.7389838 0.8306624 0.3162278 3.9572718 3.4088121 0.3872983 3.5199432 2.7221315 2.1587033 2.539685 0.4242641 3.866523 0.6480741 3.8961519 2.4698178 3.7429935 3.7536649 1.7944358 3.798684 1.4866069 0.9643651 1.0392305 1.4628739 1.1401754 1.0392305 0.4690416 0.5291503 3.6027767 1.4899664 1.3928388 0.9539392 3.6905284 0.244949 1.0677078 0.8062258 0.6082763 3.7509999 3.6864617 3.7709415 1.0677078 1.0 2.7092434 3.9623226
1.1224972 1.0723805 3.792097 2.0396078 3.6249138 1.7606817 3.7868192 0.6403124 0.7141428 0.7141428 0.9486833 0.4795832 0.2236068 0.4358899 0.0 3.6619667 0.244949 0.7615773 3.7148351 3.748333 0.8124038 0.5567764 3.3496268 3.9012818 0.4358899 4.2272923 3.2634338 0.4242641 1.9209373 3.4741906 0.9643651 0.7416198 3.5846897 0.4582576 1.24499 1.2206556 3.3436507 0.5 0.5567764 0.842615 1.2767145 3.8794329 1.2845233 3.4380227 3.579106 1.9026298 0.9848858 1.6522712 0.7745967 1.3747727 1.0677078 2.310844 0.4898979 1.2288206 0.5291503 0.4690416 1.3152946 0.7348469 0.9486833 0.8831761 0.5830952 3.5749126 0.7348469 0.7416198 1.2124356 1.0099505 0.1414214 1.7748239 3.6 4.2308392 0.8602325 0.678233 3.3436507 3.6945906 0.8544004 3.7376463 0.6082763 2.034699 3.8209946 0.7416198 2.2068076 0.6480741 3.7788887 1.7146428 1.5937377 1.421267 1.183216 3.5860842 3.6041643 0.8774964 1.4177447 3.9610605 1.2489996 3.7121422 0.8774964 1.2884099 3.9974992 3.7456642 1.5716234 3.6687873 3.9874804 3.3896903 1.1045361 1.6822604 2.521904 3.7 3.6619667 3.6592349 0.4690416 0.591608 3.8716921 3.312099 0.509902 3.4612137 2.8809721 1.9519221 2.7018512 0.7 3.7656341 0.4358899 3.8716921 2.6324893 3.6414283 3.6193922 1.977372 3.7013511 1.4491377 0.7348469 0.9 1.3601471 1.161895 1.1958261 0.5 0.7416198 3.502856 1.3304135 1.4866069 0.7348469 3.5958309 0.5196152 0.7937254 0.5477226 0.7071068 3.7040518 3.5888717 3.6619667 1.0049876 0.8062258 2.8301943 3.8301436
4.3760713 3.0133038 1.260952 5.6329388 0.3316625 5.2924474 0.5 3.9293765 4.0348482 3.0364453 4.4933284 3.6359318 3.6027767 3.7709415 3.6619667 0.0 3.494281 3.1984371 0.2645751 1.0099505 3.968627 3.3852622 0.5196152 0.5567764 3.9446166 0.7745967 0.8831761 3.318132 2.1679483 0.4472136 4.5978256 3.3496268 0.509902 3.9874804 4.8538644 2.7748874 1.1 4.0718546 3.2031235 2.9189039 4.8600412 0.3162278 4.669047 0.6557439 0.7874008 2.4556058 4.6324939 5.1652686 4.0286474 4.9979996 2.7586228 5.8180753 3.8065733 2.6720778 4.0706265 4.119466 3.4525353 4.2201896 4.0435133 4.4575778 3.5425979 0.1732051 4.1436699 3.0626786 2.5258662 2.9 3.5707142 5.3329167 0.728011 0.728011 4.482187 3.0248967 0.6244998 1.5556349 4.1856899 0.3162278 4.106093 1.9104973 0.4795832 3.6687873 5.6973678 3.0675723 0.1732051 5.3113087 5.1468437 5.0467812 4.8114447 0.7416198 0.3464102 4.3749286 4.9919936 0.9380832 4.6722586 0.1732051 4.106093 4.8176758 0.5567764 0.5291503 5.1029403 0.5 0.5567764 1.0099505 2.9478806 5.2744668 6.1081912 0.4690416 0.0 0.4472136 3.342155 3.6055513 0.3464102 0.5291503 3.4014703 0.6557439 6.4876806 2.1307276 6.0917978 3.6523965 1.0440307 3.8729833 1.3114877 6.2112801 0.7549834 0.2645751 5.5443665 0.2645751 4.914265 2.9883106 2.8178006 2.3874673 4.6411206 4.6669048 3.9799497 4.2497059 0.2 2.5495098 5.0338852 4.1436699 0.3741657 3.7389838 2.9495762 3.8457769 3.5284558 0.7549834 0.7 0.0 4.6583259 2.9223278 6.3071388 0.3464102
1.1045361 0.9949874 3.6386811 2.2405357 3.4554305 1.8708287 3.611094 0.7549834 0.8660254 0.5567764 1.1489125 0.5 0.3872983 0.5196152 0.244949 3.494281 0.0 0.663325 3.5355339 3.579106 0.7615773 0.4123106 3.1843367 3.7229021 0.4795832 4.0484565 3.0967725 0.3464102 1.7464249 3.2969683 1.1357817 0.6082763 3.4190642 0.5196152 1.3674794 1.0246951 3.1906112 0.6403124 0.3316625 0.6855655 1.4177447 3.7027017 1.3601471 3.2526912 3.4190642 1.7492856 1.161895 1.7578396 0.8602325 1.5588457 0.9165151 2.4698178 0.5477226 1.0723805 0.6164414 0.678233 1.1874342 0.8124038 1.0677078 1.0 0.509902 3.4029399 0.7745967 0.5744563 1.0049876 0.83666 0.2 1.9672316 3.4380227 4.0521599 1.0 0.5291503 3.1843367 3.5425979 1.0049876 3.5623026 0.6855655 1.8384776 3.6414283 0.728011 2.3430749 0.4690416 3.6083237 1.8814888 1.7262677 1.5620499 1.3190906 3.4234486 3.4336569 0.9746794 1.5652476 3.7802116 1.3190906 3.5383612 0.8660254 1.421267 3.8183766 3.5763109 1.7748239 3.4957117 3.8078866 3.2264532 0.9486833 1.8248288 2.7092434 3.5312887 3.494281 3.4914181 0.3741657 0.6244998 3.6972963 3.132092 0.4898979 3.2893768 3.0626786 1.7748239 2.8774989 0.7416198 3.611094 0.4358899 3.7188708 2.8266588 3.4727511 3.4467376 2.1656408 3.5298725 1.5362291 0.5477226 0.728011 1.1958261 1.2369317 1.2767145 0.6403124 0.8888194 3.3331667 1.1789826 1.5968719 0.7745967 3.4278273 0.6403124 0.6082763 0.5291503 0.7071068 3.5411862 3.4146742 3.494281 1.1789826 0.7 3.0049958 3.6537652
1.43527 0.781025 3.544009 2.7018512 3.2093613 2.3194827 3.3882149 1.3674794 1.3892444 0.7549834 1.356466 1.1269428 0.7 1.0816654 0.7615773 3.1984371 0.663325 0.0 3.2341923 3.4568772 0.969536 0.5196152 2.894823 3.3615473 1.0246951 3.7907783 2.9137605 0.7745967 1.260952 3.0610456 1.6217275 0.5196152 3.2109189 1.0630146 1.8138357 0.6244998 3.0951575 0.9539392 0.6708204 0.5 1.9672316 3.407345 1.977372 3.0430248 3.2603681 1.2083046 1.6522712 2.3043437 0.9273618 1.9416488 0.5291503 3.0166206 1.174734 0.6403124 1.1224972 1.1224972 0.7937254 1.2247449 1.6552945 1.5620499 1.029563 3.0951575 1.0392305 0.2645751 0.8660254 0.4242641 0.7745967 2.4839485 3.2649655 3.7013511 1.456022 0.4898979 2.9899833 3.51141 1.5968719 3.2357379 1.0816654 1.4628739 3.3555923 0.8660254 2.9103264 0.4242641 3.2954514 2.4041631 2.2847319 2.0297783 1.7606817 3.2310989 3.1575307 1.5779734 2.1047565 3.3926391 1.8275667 3.2434549 1.0246951 2.0049938 3.4899857 3.354102 2.2737634 3.283291 3.4612137 3.1032241 0.509902 2.3473389 3.1968735 3.312099 3.1984371 3.2756679 0.3162278 1.1874342 3.4423829 2.9034462 0.9591663 3.1144823 3.5071356 1.2845233 3.4409301 1.3152946 3.4583233 0.9643651 3.6455452 3.2878564 3.2893768 3.1368774 2.6514147 3.2771939 2.0396078 0.4242641 0.591608 0.9433981 1.7860571 1.8574176 0.9949874 1.4866069 3.0413813 0.7549834 2.1377558 1.0392305 3.1953091 1.161895 0.5196152 1.0198039 0.8602325 3.379349 3.2280025 3.1984371 1.5905974 0.4795832 3.5454196 3.342155
4.3749286 3.0545049 1.3928388 5.702631 0.4690416 5.3235327 0.5477226 3.9937451 4.1 3.0805844 4.5497253 3.6945906 3.6646964 3.822303 3.7148351 0.2645751 3.5355339 3.2341923 0.0 1.0908712 3.9774364 3.4190642 0.6480741 0.4242641 3.9761791 0.7549834 0.9949874 3.3734256 2.1517435 0.5 4.6508064 3.3778692 0.6557439 4.0236799 4.8836462 2.7766887 1.2409674 4.112177 3.2388269 2.9546573 4.9040799 0.2645751 4.7021272 0.6480741 0.9327379 2.4372115 4.6850827 5.1990384 4.0595566 5.0467812 2.7892651 5.8736701 3.8626416 2.6925824 4.1036569 4.1737274 3.4394767 4.2449971 4.1206796 4.4966654 3.591657 0.244949 4.1641326 3.0935417 2.5475478 2.9154759 3.6249138 5.4046276 0.8717798 0.6164414 4.5188494 3.0757113 0.7874008 1.6703293 4.2555846 0.2645751 4.1412558 1.8814888 0.4472136 3.6945906 5.7489129 3.1080541 0.2 5.3646994 5.1903757 5.0852729 4.8456166 0.8831761 0.4582576 4.4170126 5.0428167 0.7681146 4.7031904 0.1414214 4.112177 4.8641546 0.4690416 0.6403124 5.1778374 0.5830952 0.4242641 1.1269428 2.9563491 5.3188345 6.1741396 0.591608 0.2645751 0.5744563 3.3852622 3.6674242 0.3605551 0.5567764 3.4612137 0.7348469 6.5436993 2.1142375 6.1757591 3.7188708 1.1916375 3.9051248 1.4317821 6.2793312 0.8602325 0.3162278 5.60803 0.3741657 4.9457052 3.0232433 2.8548205 2.4228083 4.6701178 4.6957428 4.0236799 4.3046487 0.3 2.5748786 5.066557 4.1641326 0.5196152 3.8065733 2.9883106 3.8807216 3.5693137 0.8717798 0.7745967 0.2645751 4.7063787 2.9782545 6.3835727 0.3
4.4508426 3.3015148 0.3872983 5.6187187 0.7 5.2602281 0.5744563 3.8858718 4.0521599 3.1304952 4.6551047 3.5972211 3.7282704 3.8105118 3.748333 1.0099505 3.579106 3.4568772 1.0908712 0.0 4.095119 3.5071356 1.0049876 1.4317821 4.007493 0.9273618 0.678233 3.3837849 2.6608269 0.7071068 4.6086874 3.5014283 0.5291503 4.0274061 4.8928519 3.0397368 0.5196152 4.2047592 3.2680269 3.1272992 4.8270074 1.0099505 4.5760245 0.6708204 0.3464102 2.9949958 4.6497312 5.0813384 4.2602817 5.0852729 3.0413813 5.7227616 3.764306 3.0 4.1436699 4.2035699 3.7603191 4.3255058 3.9509493 4.4485953 3.5057096 1.0630146 4.276681 3.2710854 2.6720778 3.1733263 3.631804 5.2706736 0.3605551 1.4662878 4.5486262 3.1543621 0.6708204 0.6164414 4.1303753 1.1661904 4.1785165 2.330236 0.9539392 3.8704005 5.5479726 3.2109189 1.1269428 5.2678269 5.0705029 5.0507425 4.8569538 0.4795832 0.8602325 4.3243497 4.929503 1.8384776 4.6162756 1.0535654 4.2778499 4.7528939 1.2369317 0.5477226 5.0734604 0.5196152 1.3601471 0.4 3.2664966 5.217279 6.0522723 0.5477226 1.0099505 0.5830952 3.5142567 3.5860842 0.83666 0.7874008 3.4365681 0.5385165 6.476882 2.6191602 5.9016947 3.5972211 0.4582576 3.9217343 0.4690416 6.1822326 0.3872983 1.0535654 5.5226805 0.7549834 4.8528342 3.1543621 3.0 2.641969 4.5934736 4.6173586 4.1158231 4.2284749 1.0488088 2.894823 4.9819675 4.276681 0.6480741 3.7603191 3.082207 3.866523 3.7134889 0.4582576 0.4123106 1.0099505 4.7180504 3.1304952 6.1400326 1.086278
0.4898979 1.5264338 4.1785165 2.2135944 3.9395431 1.4832397 4.0865633 1.260952 1.3453624 1.24499 1.0677078 1.1 0.9643651 1.0723805 0.8124038 3.968627 0.7615773 0.969536 3.9774364 4.095119 0.0 0.6708204 3.6386811 4.1158231 0.6403124 4.482187 3.579106 1.1045361 2.0420578 3.764306 1.0630146 0.7 3.9306488 0.5744563 1.0816654 1.2369317 3.7603191 0.6082763 0.9327379 1.2369317 1.3601471 4.1436699 1.3820275 3.7013511 3.9560081 1.9899749 1.118034 1.532971 0.8831761 1.4662878 1.3784049 2.4454039 0.969536 1.4798649 0.7348469 0.8831761 0.9110434 0.7745967 1.5874508 0.969536 0.9165151 3.8548671 0.3162278 0.9949874 1.4798649 1.183216 0.8602325 1.9924859 3.9623226 4.4474712 0.9055385 1.086278 3.7255872 4.0853396 1.4247807 3.9862263 0.4582576 2.1817424 4.0620192 1.0630146 2.2113344 1.0 4.0669399 1.8165902 1.6062378 1.3038405 1.0677078 3.9217343 3.8897301 1.0049876 1.4525839 4.1605288 1.029563 4.0024992 0.3316625 1.4282857 4.2190046 4.0607881 1.8894444 3.9849718 4.2047592 3.748333 1.2489996 1.6401219 2.634388 4.0286474 3.968627 4.0012498 0.8124038 1.2845233 4.1773197 3.6041643 1.2247449 3.8105118 2.9223278 2.0518285 2.9223278 1.3820275 4.1255303 0.5 4.2906876 2.7658633 3.9623226 3.8858718 2.1656408 4.0124805 1.2247449 1.0677078 1.3 1.7349352 1.0246951 1.1958261 0.9110434 1.161895 3.8118237 1.6155494 1.396424 0.3162278 3.9255573 1.260952 1.0816654 0.5477226 1.2165525 4.0865633 3.8961519 3.968627 1.0148892 1.3 2.9478806 4.0804412
1.118034 1.1401754 3.5707142 2.4959968 3.3481338 1.9570386 3.5057096 1.1224972 1.2569805 0.7615773 1.2767145 0.8246211 0.6480741 0.9273618 0.5567764 3.3852622 0.4123106 0.5196152 3.4190642 3.5071356 0.6708204 0.0 3.0413813 3.5707142 0.7615773 3.9115214 2.9765752 0.6708204 1.5937377 3.1843367 1.3190906 0.2 3.3316662 0.7071068 1.5427249 0.7874008 3.1511903 0.7874008 0.4242641 0.7348469 1.6733201 3.5749126 1.6431677 3.1352831 3.3496268 1.6155494 1.3784049 1.933908 1.0246951 1.8 0.8774964 2.7586228 0.7937254 1.0099505 0.9110434 0.9433981 0.8831761 1.0723805 1.4317821 1.24499 0.5744563 3.2787193 0.8062258 0.4690416 0.9273618 0.7416198 0.5196152 2.2226111 3.3570821 3.9 1.2369317 0.4358899 3.1192948 3.4899857 1.3638182 3.4205263 0.7348469 1.7058722 3.494281 1.0 2.5455844 0.3872983 3.494281 2.1377558 1.9519221 1.7291616 1.5 3.3151169 3.3015148 1.2083046 1.7606817 3.6578682 1.4035669 3.4336569 0.8717798 1.6941074 3.6619667 3.4669872 2.0639767 3.3985291 3.6565011 3.1464265 0.8888194 2.019901 2.9614186 3.4351128 3.3852622 3.4088121 0.3 1.0099505 3.6027767 3.0298515 0.8544004 3.2264532 3.312099 1.5937377 3.1288976 1.1135529 3.51141 0.5830952 3.6905284 3.088689 3.3660065 3.3090784 2.4494897 3.4278273 1.6340135 0.5 0.7615773 1.1916375 1.4 1.5297059 0.9486833 1.2247449 3.2341923 1.1224972 1.8 0.8062258 3.3316662 1.029563 0.4472136 0.5567764 1.0148892 3.4914181 3.3090784 3.3852622 1.3416408 0.7348469 3.2218007 3.5128336
4.054627 2.8160256 1.174734 5.3310412 0.4472136 4.9355851 0.6480741 3.6373067 3.7696154 2.7694765 4.1785165 3.324154 3.3 3.4971417 3.3496268 0.5196152 3.1843367 2.894823 0.6480741 1.0049876 3.6386811 3.0413813 0.0 0.8124038 3.6455452 0.9433981 0.5385165 3.0298515 1.9621417 0.4123106 4.2626283 2.9949958 0.5744563 3.6619667 4.5398238 2.4677925 1.0099505 3.7589892 2.8896367 2.6551836 4.553021 0.6403124 4.3760713 0.5477226 0.781025 2.2803509 4.3092923 4.8321838 3.7656341 4.7106263 2.5019992 5.5335341 3.4727511 2.4310492 3.7815341 3.8131352 3.1352831 3.9446166 3.7629775 4.1448764 3.1874755 0.4242641 3.8236109 2.7622455 2.2338308 2.6305893 3.2526912 5.0169712 0.7071068 1.029563 4.1833001 2.6944387 0.6324555 1.4177447 3.8974351 0.5385165 3.764306 1.7088007 0.5477226 3.4423829 5.3600373 2.7495454 0.6480741 5.0059964 4.8270074 4.7180504 4.4966654 0.5830952 0.3 4.0509258 4.6551047 1.2922848 4.3150898 0.6480741 3.8039453 4.5122057 0.7483315 0.5744563 4.8052055 0.6 0.8246211 0.8306624 2.7055499 4.9446941 5.8051701 0.591608 0.5196152 0.6403124 3.0232433 3.3301652 0.7549834 0.4795832 3.1272992 0.7483315 6.2016127 1.9 5.7671483 3.3749074 0.9055385 3.5454196 1.3601471 5.920304 0.6480741 0.3741657 5.2583267 0.5477226 4.5585085 2.6870058 2.5475478 2.1563859 4.3092923 4.3669211 3.7080992 3.9534795 0.5385165 2.317326 4.7148701 3.8236109 0.5 3.4626579 2.6172505 3.4957117 3.3045423 0.9273618 0.6164414 0.5196152 4.330127 2.6400758 5.9674115 0.5744563
4.5276926 3.232646 1.7029386 5.9143892 0.7874008 5.4972721 0.8602325 4.2320208 4.3324358 3.2969683 4.6968074 3.923009 3.8457769 4.0435133 3.9012818 0.5567764 3.7229021 3.3615473 0.4242641 1.4317821 4.1158231 3.5707142 0.8124038 0.0 4.1677332 0.8306624 1.260952 3.5860842 2.2293497 0.8306624 4.8383882 3.508561 1.0049876 4.2083251 5.0645829 2.8930952 1.6124515 4.2720019 3.4336569 3.132092 5.1176166 0.4358899 4.9386233 0.9591663 1.2845233 2.4939928 4.8774994 5.4064776 4.2071368 5.2316345 2.9427878 6.1155539 4.0767634 2.8337255 4.2965102 4.3588989 3.502856 4.4294469 4.3794977 4.7010637 3.792097 0.4898979 4.3104524 3.2449961 2.7367864 3.0561414 3.8183766 5.6258333 1.2083046 0.3464102 4.7053161 3.2465366 1.1575837 1.9974984 4.4977772 0.3 4.302325 2.0049938 0.5477226 3.8768544 5.9757845 3.2771939 0.4242641 5.5821143 5.4074023 5.2706736 5.0259327 1.1575837 0.6708204 4.6292548 5.2488094 0.6244998 4.8887626 0.509902 4.2485292 5.0892043 0.3162278 0.9219544 5.4009258 0.9273618 0.1414214 1.459452 3.088689 5.5235858 6.3953108 0.9219544 0.5567764 0.9433981 3.5383612 3.910243 0.7 0.9110434 3.6905284 1.1401754 6.7557383 2.1794495 6.4265076 3.9711459 1.4491377 4.0853396 1.7916473 6.4984614 1.1489125 0.4690416 5.8300943 0.7211103 5.132251 3.1937439 3.0413813 2.6134269 4.8692915 4.914265 4.2083251 4.5287967 0.6403124 2.7184554 5.2735187 4.3104524 0.8660254 4.0360872 3.1543621 4.0570926 3.7656341 1.2569805 1.086278 0.5567764 4.8795492 3.1511903 6.6174013 0.3605551
0.781025 1.2961481 4.0706265 1.8627936 3.9051248 1.4798649 4.0533936 0.663325 0.7211103 0.9486833 0.9219544 0.6164414 0.6164414 0.4690416 0.4358899 3.9446166 0.4795832 1.0246951 3.9761791 4.007493 0.6403124 0.7615773 3.6455452 4.1677332 0.0 4.494441 3.5468296 0.7141428 2.1400935 3.7416574 0.7874008 0.9273618 3.8652296 0.244949 0.9165151 1.4071247 3.6207734 0.4242641 0.7615773 1.0954451 0.9899495 4.1496988 0.9591663 3.6891733 3.8600518 2.1 0.7874008 1.3416408 0.728011 1.1575837 1.3228757 2.0566964 0.5567764 1.4628739 0.1732051 0.4358899 1.3711309 0.3872983 0.9848858 0.5744563 0.728011 3.8535698 0.5196152 0.9899495 1.43527 1.2124356 0.5 1.6124515 3.8820098 4.4977772 0.5567764 1.0049876 3.6290495 3.9572718 0.8246211 4.0124805 0.4690416 2.2427661 4.0902323 0.7348469 1.954482 0.9327379 4.05586 1.4662878 1.3076697 1.1357817 0.8774964 3.8742741 3.8884444 0.6164414 1.183216 4.2 0.9848858 3.9812058 0.6480741 1.0148892 4.2673177 4.0249224 1.4422205 3.9382737 4.2532341 3.6633318 1.2767145 1.4071247 2.3086793 3.9774364 3.9446166 3.9344631 0.7681146 0.7211103 4.1376322 3.5721142 0.7416198 3.7215588 2.6362853 2.1771541 2.5475478 0.8124038 4.0583248 0.2828427 4.1376322 2.4289916 3.9179076 3.9 1.7720045 3.9761791 1.17047 0.9949874 1.1575837 1.6186414 0.83666 0.83666 0.4472136 0.5830952 3.7788887 1.5811388 1.1575837 0.5196152 3.8755645 0.678233 1.0677078 0.5 0.8185353 3.9736633 3.8561639 3.9446166 0.8124038 1.1401754 2.6495283 4.1036569
4.8713448 3.6823905 1.1532563 6.1991935 0.6708204 5.7680153 0.5196152 4.4766059 4.621688 3.6193922 5.0842895 4.1641326 4.1928511 4.347413 4.2272923 0.7745967 4.0484565 3.7907783 0.7549834 0.9273618 4.482187 3.9115214 0.9433981 0.8306624 4.494441 0.0 1.0677078 3.8923001 2.7892651 0.7745967 5.1283526 3.8652296 0.7874008 4.5144213 5.3888774 3.3196385 1.3228757 4.6411206 3.7389838 3.5270384 5.3907328 0.509902 5.1730069 0.8306624 0.9486833 3.1 5.1749396 5.6462377 4.6486557 5.587486 3.3808283 6.3553127 4.3162484 3.3015148 4.6335731 4.6936127 3.9749214 4.7947888 4.5880279 4.9849774 4.0261644 0.8062258 4.6850827 3.6414283 3.0757113 3.4971417 4.1243181 5.8719673 0.8660254 0.6855655 5.0428167 3.579106 1.0816654 1.4628739 4.7370877 0.7071068 4.6281746 2.5039968 0.4582576 4.2965102 6.1692787 3.6262929 0.7549834 5.850641 5.6524331 5.5686623 5.3525695 0.8062258 0.663325 4.8805737 5.4954527 1.3416408 5.1351728 0.781025 4.6540305 5.3394756 0.5385165 0.5656854 5.6674509 0.6557439 0.7 1.1224972 3.5651087 5.7810034 6.6580778 0.6480741 0.7745967 0.7483315 3.9127995 4.1665333 0.6 0.9591663 3.9786933 0.9848858 7.0590368 2.7313001 6.5825527 4.2023803 0.9327379 4.3954522 1.2806248 6.7808554 0.7416198 0.728011 6.1139185 0.6403124 5.3786615 3.5594943 3.4146742 3.0166206 5.1283526 5.178803 4.5825757 4.7979162 0.9380832 3.1906112 5.5371473 4.6850827 0.7348469 4.3197222 3.4899857 4.3416587 4.1653331 0.9539392 0.7416198 0.7745967 5.205766 3.5355339 6.7926431 0.5656854
3.9661064 2.8530685 0.781025 5.1932649 0.6082763 4.7864392 0.6855655 3.4785054 3.6469165 2.6870058 4.1388404 3.1654384 3.2372828 3.3852622 3.2634338 0.8831761 3.0967725 2.9137605 0.9949874 0.678233 3.579106 2.9765752 0.5385165 1.260952 3.5468296 1.0677078 0.0 2.9308702 2.1400935 0.509902 4.1352146 2.9495762 0.5477226 3.5496479 4.4294469 2.4939928 0.6403124 3.7013511 2.7892651 2.641969 4.4022721 0.9591663 4.1928511 0.4795832 0.5477226 2.4839485 4.1856899 4.6540305 3.7669616 4.6281746 2.5357445 5.3525695 3.312099 2.4939928 3.6891733 3.726929 3.1906112 3.8716921 3.579106 4.0062451 3.0282008 0.842615 3.7669616 2.7495454 2.1817424 2.6589472 3.1511903 4.8518038 0.5 1.4177447 4.0877867 2.6324893 0.5744563 0.9380832 3.7336309 0.969536 3.671512 1.8411953 0.8185353 3.4263683 5.1478151 2.6962938 1.034408 4.8507731 4.652956 4.5880279 4.3897608 0.3605551 0.6164414 3.8884444 4.4877611 1.7262677 4.1509035 0.9848858 3.7709415 4.3439613 1.118034 0.5830952 4.6583259 0.591608 1.2369317 0.3741657 2.7622455 4.7812132 5.6453521 0.6164414 0.8831761 0.678233 2.9883106 3.1843367 0.9486833 0.5477226 3.0116441 0.6403124 6.0671245 2.078461 5.5362442 3.2093613 0.591608 3.4380227 1.029563 5.7758116 0.4123106 0.8062258 5.1166395 0.7416198 4.3920383 2.6476405 2.5179357 2.1725561 4.1496988 4.2071368 3.6523965 3.8078866 0.8831761 2.3916521 4.554119 3.7669616 0.6 3.3406586 2.5573424 3.3719431 3.2787193 0.8062258 0.4123106 0.8831761 4.2308392 2.6267851 5.7480431 0.9486833
