0.0 1.611602 4.7053349 1.1969003 3.7620504 1.3706216 3.8599112 1.0515491 0.4180127 0.9920742 0.4584927 1.2738156 0.835128 0.4552492 0.7904346 3.65274 0.8315125 1.3697569 3.5480808 4.1567865 0.5063391 1.1444887 3.7417329 3.8612927 0.3178734 4.3398542 3.9435557 0.9363574 2.4194833 3.5871247 0.87427 1.2533284 3.7663803 0.6761432 0.4736971 1.5720927 3.846254 0.450671 1.095324 1.2581094 0.9557973 3.8340721 1.21246 3.5552801 3.9311006 2.7249909 0.6973774 1.586566 1.2906486 0.6060818 1.5640871 1.8570195 1.4167122 1.7480092 0.1414397 0.3826388 1.5709493 0.4707347 1.3559416 0.7132062 1.6594393 3.6088354 0.4034625 1.2501906 1.5013628 1.4823175 0.9641521 1.5293497 3.9726733 4.13342 0.135936 1.4011202 3.4899866 4.8818008 1.0819798 3.7705427 0.6578408 2.2113901 3.9440315 1.2149471 2.4983234 1.2413383 3.6976503 1.2442784 1.4693381 0.83893 0.4081522 4.1629086 3.8390495 1.1423202 1.4779422 3.8308082 1.4631384 3.5567665 0.753387 1.1825532 4.0219076 4.0120243 1.0768621 3.777844 3.9245344 4.0429644 1.6925179 1.4312824 1.7842931 3.8476876 3.65274 3.6879662 1.0895538 0.9118905 3.6843533 3.3303532 0.8532086 3.4138939 1.8972333 2.4129631 3.1863576 1.1208654 4.6634913 0.7120382 4.3378638 1.6628967 4.1276483 3.7350893 1.192013 3.7008051 1.5210589 1.221277 1.2720786 1.6309526 1.1284373 0.92146 0.5500075 0.7801779 3.425002 1.8378056 1.1903252 0.4034625 3.7085529 0.7172173 1.4160497 1.1151482 1.0405045 3.6856877 3.9255465 3.65274 0.3949531 1.3557173 3.1548021 3.8631184
1.611602 0.0 4.9601582 2.7980094 3.4409396 2.944813 3.6159823 2.348147 1.8301912 1.3582881 1.153221 2.3781036 1.3579973 1.6454695 1.5957559 3.0433777 1.5521732 0.7103519 2.8405844 4.2879611 1.2734601 1.5950114 3.3868718 2.971833 1.5804858 4.022196 3.9845298 1.6190145 0.9572387 3.3068282 2.3345213 1.5278459 3.5778791 1.8968035 2.0577291 0.9225838 4.0305252 1.242921 1.7174155 0.8144169 2.56095 3.2616549 2.8055751 3.3885982 3.9313529 1.1142266 2.2247493 3.1719787 0.704497 1.7895808 0.6133452 3.4510629 2.5588809 0.4781865 1.5026426 1.5790911 0.2872281 1.3288779 2.6929508 2.2579693 2.6304503 2.9883145 1.2285999 0.957119 1.4634965 0.5218551 1.8015451 3.1117213 3.9431908 3.2986015 1.7042128 1.663292 3.3068882 5.2973545 2.4852473 3.096626 1.7971456 1.0352353 3.5207983 0.6781156 4.073107 1.4300504 2.9724666 2.8553902 3.0657797 2.4477942 2.0044694 4.1408982 3.4667164 2.5974628 3.0156867 2.4861073 2.9083381 2.8648633 0.9264399 2.7700246 3.3775635 3.825642 2.6727812 3.5703482 3.1174517 4.2080063 0.1549982 3.0298955 3.3778801 3.6223515 3.0433777 3.4198477 1.1932875 2.0487373 3.1867424 3.0262998 1.7155563 3.2558052 3.2768164 1.0522663 4.7394531 2.3054961 4.7908432 1.8299794 4.576404 3.1962876 4.1170082 3.1748528 2.7615676 3.2957041 3.0252603 1.21421 1.04544 0.9329806 2.6613132 2.5269012 1.0719723 2.2508893 2.765839 0.573236 2.7970369 1.2285999 3.4169825 1.8414151 1.6334878 2.1830435 0.6156135 3.5747687 3.8759403 3.0433777 1.9375529 1.059546 4.7222037 3.2695733
4.7053349 4.9601582 0.0 5.0626478 1.9484976 4.4824505 1.7240625 3.8636672 4.3331304 3.9038915 4.7150442 3.54534 4.0224354 4.2509117 3.9465899 2.6457897 3.9264886 4.274058 2.9000656 0.7116328 4.3862838 3.6615566 2.0340473 3.2819421 4.3934628 1.7288822 1.058717 3.8134747 4.6828797 1.9577841 4.1755044 3.6269235 1.6555009 4.0558191 4.9084395 4.0376658 0.9299147 4.4919775 3.6485688 4.2116165 4.6709834 2.5048472 4.5927083 1.7531996 1.1480857 5.3675125 4.3606744 4.5828843 5.3724834 5.3079741 4.3477651 5.4077168 3.4833353 4.5393661 4.6186335 4.3306139 4.6741954 5.0521296 3.7807133 4.3992135 3.1630604 2.6854095 4.6075406 4.0793226 3.5522142 4.4406185 3.7452338 4.5518401 1.1789748 3.1301831 4.8092214 3.4578557 1.8313134 0.5684398 4.0011913 2.7639975 4.0515596 4.2188468 2.1108432 5.2847986 4.7129026 3.6975131 2.9024001 4.92234 4.657226 4.7040685 4.8476675 1.0363109 2.0298181 4.0857994 4.3045977 4.548467 3.9894656 2.8624629 4.9864727 4.5503925 2.6419294 1.5114243 4.6011311 1.689356 3.0675617 0.7613624 4.8569907 4.6718253 5.376792 1.6886153 2.6457897 1.872558 3.9591274 3.8352249 2.3805608 2.1684332 3.8609829 1.8426301 6.149417 4.4765161 4.7744246 3.7132853 0.3954429 3.9988943 0.3842101 5.6274838 1.0320219 2.5059861 5.2449213 2.1656162 4.1693838 3.8694335 3.9899198 4.0286202 4.3028021 4.670353 4.8179769 4.2258634 2.834383 4.4878837 4.7243715 4.6075406 1.9114613 3.9952407 3.4677919 3.6424029 4.9868384 1.551185 1.2548141 2.6457897 4.4749672 3.9461796 4.8894528 2.5480926
1.1969003 2.7980094 5.0626478 0.0 4.5397357 0.6487979 4.5899056 1.2586466 1.1585102 2.0084102 1.6513528 1.5818701 1.8665044 1.378367 1.6937703 4.5729223 1.7590533 2.5419161 4.5147784 4.6390918 1.6517377 2.0450401 4.5379685 4.8825913 1.3453536 5.0778059 4.50133 1.8185433 3.6134299 4.3574328 0.9560464 2.1930834 4.4734698 1.328527 0.7409359 2.7113581 4.3196223 1.6273569 1.9222177 2.4183264 0.4187817 4.7273469 0.4861769 4.2681899 4.5151501 3.9120055 0.8462889 0.7065085 2.3717103 1.1727399 2.7456622 0.6613427 1.5975341 2.9414245 1.323489 1.384906 2.7678439 1.5109864 1.2819436 0.7950756 1.9235519 4.536415 1.5987648 2.3826453 2.4872326 2.671397 1.7227162 0.6869037 4.5714752 5.1231888 1.0942506 2.2897903 4.2176143 5.1080821 1.0805793 4.7112968 1.4113827 3.3787914 4.7605157 2.3143951 1.5123419 2.2237096 4.6632473 0.1742239 0.562848 0.4509166 0.7941292 4.7425292 4.6371778 0.9793115 0.8509402 4.9920476 1.1076443 4.516765 1.8944576 0.5206999 4.9369133 4.6992754 0.4618661 4.4944068 4.9118405 4.5119649 2.8862689 0.5240428 0.5891945 4.5685603 4.5729223 4.4439095 2.1637893 1.4382633 4.5530204 4.134518 1.6708834 4.1350985 1.087176 3.5979402 2.2167057 1.4306484 5.1120852 1.4337171 4.7328074 0.595174 4.7029042 4.6288301 0.2099479 4.5247166 0.9808293 2.2839453 2.3828004 2.7704052 0.7598466 0.4333069 1.7260731 0.9482061 4.3798375 3.0283552 0.3501929 1.5987648 4.4750773 1.4280458 2.3208781 1.5647657 2.2028972 4.3561392 4.5402318 4.5729223 0.9788847 2.4619949 2.151441 4.7641473
3.7620504 3.4409396 1.9484976 4.5397357 0.0 4.1289514 0.226588 3.2947171 3.5036617 2.786534 3.5927225 2.9870203 2.9393038 3.3381942 2.9826117 0.6977064 2.934174 2.854779 0.9528044 1.266518 3.3106071 2.6187766 0.0856127 1.3471059 3.4525415 0.5920062 0.9292653 2.8362635 2.9313984 0.1827075 3.5851425 2.5114872 0.311401 3.2587132 4.1169714 2.577409 1.2313028 3.4073416 2.6900893 2.8464506 4.1214671 0.5817598 4.160124 0.3674954 0.8259834 3.5904661 3.7051262 4.3105959 4.0033624 4.3455593 2.8496609 5.0700781 3.0294714 2.9712396 3.6379291 3.3889948 3.1602841 3.9637151 3.3941102 3.7547359 2.733979 0.7369847 3.5174523 2.7473 2.2995511 2.9639004 2.8654757 4.2591512 0.7779007 1.2534286 3.8920383 2.3610096 0.3679372 2.4748199 3.495294 0.8259834 3.2045266 2.5200735 0.2735606 3.9286955 4.8025279 2.5371733 0.9567819 4.450782 4.3249604 4.1019641 4.0439561 0.9149723 0.1291305 3.6273163 4.0119907 2.6006422 3.6911727 0.9149723 3.7630984 4.10941 0.772642 0.4543843 4.1101587 0.270241 1.147719 1.2813834 3.3084907 4.3214339 5.0172715 0.2599094 0.6977064 0.1291305 2.7493405 3.1073804 0.432549 0.4367689 2.950761 0.4478764 5.5486168 2.7219223 5.1341412 3.1207821 1.6245826 3.1655242 1.6428901 5.1341032 0.9165819 0.5635772 4.6693393 0.2171741 3.9021749 2.6252761 2.6735373 2.5462949 3.8496766 4.1065904 3.6601732 3.5929995 0.8991771 2.8929895 4.2654547 3.5174523 0.0777264 3.1675255 2.3464868 2.9761295 3.6579958 0.476603 0.7054478 0.6977064 3.6845674 2.6032742 5.2108006 0.6317568
1.3706216 2.944813 4.4824505 0.6487979 4.1289514 0.0 4.153864 0.871417 1.12379 1.8844595 1.8097037 1.1481349 1.7732704 1.3321489 1.5477639 4.2468068 1.6145681 2.5389603 4.2231569 4.100995 1.6868103 1.8378027 4.1371832 4.6283337 1.3690051 4.6376167 3.9923131 1.6352425 3.64474 3.946491 0.6727745 1.993255 4.0285701 1.1555467 1.0564454 2.64759 3.7833337 1.7033846 1.6885183 2.4010699 0.4588243 4.38041 0.1937733 3.8302848 4.0160875 4.0434446 0.7240295 0.2345182 2.656472 1.6029827 2.7546919 0.9536576 1.1028854 2.9849935 1.4540379 1.380496 2.8515991 1.8003863 0.7437285 0.6875484 1.4159863 4.2161159 1.7195078 2.3294277 2.2923053 2.7052948 1.4872798 0.1715828 4.077355 4.8386653 1.3235045 2.0464909 3.7880143 4.4975467 0.6577925 4.3968191 1.2603213 3.335457 4.3667572 2.5836366 1.1306053 2.0501493 4.3678561 0.4788338 0.196101 0.5808558 1.0667532 4.23812 4.235513 0.5135079 0.2021515 4.9061055 0.492985 4.2200908 2.1240086 0.1993606 4.6005953 4.2410247 0.3167773 4.0536374 4.6287674 3.9712444 3.0032903 0.1957615 0.91034 4.1284691 4.2468068 4.023712 2.0689758 1.1552343 4.1939248 3.7469966 1.4800841 3.7042377 1.7028998 3.5920767 1.8159386 1.0369118 4.5574391 1.2573455 4.1663183 1.1523495 4.1973997 4.2840666 0.8580301 4.1396354 0.3344806 2.1677444 2.3048008 2.7039862 0.321495 0.4894085 1.9156119 0.7309304 4.0822666 3.0562038 0.3109092 1.7195078 4.0597163 1.2477848 2.0847778 1.2045656 2.4052952 3.8965664 4.0531227 4.2468068 1.0083723 2.3736538 1.7852682 4.4215761
3.8599112 3.6159823 1.7240625 4.5899056 0.226588 4.153864 0.0 3.336381 3.5833057 2.8972451 3.7134708 3.0218341 3.0471951 3.427208 3.0739442 0.9218289 3.0288427 3.0112656 1.1789748 1.0491089 3.4220389 2.7156103 0.3113151 1.5641206 3.5468216 0.4881174 0.7199199 2.9271957 3.1367185 0.3094644 3.6338595 2.6173546 0.145131 3.3307116 4.1979446 2.7373593 1.0400084 3.5210651 2.7757202 2.9947919 4.1711243 0.7906727 4.1953136 0.3235863 0.6150369 3.8007531 3.7639415 4.3273391 4.1607618 4.450811 3.0178329 5.101408 3.0511038 3.1505704 3.739651 3.4826283 3.3329625 4.0829082 3.4134663 3.8126846 2.7457409 0.9624626 3.633037 2.8895875 2.4229377 3.1298102 2.942845 4.277884 0.5606832 1.4499477 3.9876147 2.4610369 0.373859 2.254652 3.5316903 1.043509 3.2826446 2.7160639 0.4244125 4.0839291 4.7803956 2.650368 1.178765 4.4937089 4.3492771 4.1581782 4.1258722 0.6891825 0.3120893 3.6594193 4.0279667 2.826291 3.7037388 1.1410786 3.8991465 4.1451234 0.9609047 0.2306757 4.1522249 0.1069009 1.3584045 1.0725304 3.4869412 4.3479699 5.0508989 0.0436529 0.9218289 0.1965549 2.8732836 3.1675255 0.6566735 0.5897108 3.033916 0.4551568 5.6154018 2.9269713 5.0834839 3.1626967 1.3979952 3.2411775 1.4251059 5.1850669 0.6921065 0.7830712 4.7272092 0.4431404 3.913647 2.7526612 2.8125654 2.70933 3.8839662 4.1579217 3.7864015 3.6474232 1.1252108 3.0757468 4.3050404 3.633037 0.2101645 3.242423 2.450029 3.0254929 3.8078449 0.325102 0.4913365 0.9218289 3.7610551 2.7454649 5.165097 0.8378568
1.0515491 2.348147 3.8636672 1.2586466 3.2947171 0.871417 3.336381 0.0 0.6385536 1.1019688 1.3475233 0.3260194 1.0286714 0.7343211 0.7817489 3.3804918 0.8410222 1.8162678 3.3523526 3.3999628 1.0959752 1.0000413 3.2973432 3.757286 0.8499665 3.8237228 3.2483278 0.8264338 2.911581 3.1120391 0.3139626 1.1534553 3.2177452 0.4576147 1.075787 1.8703806 3.0806238 1.1591214 0.8429628 1.6736084 0.8417779 3.5192484 0.8692808 3.0137947 3.259366 3.3900722 0.5003351 1.0880625 2.2491037 1.5683077 2.0318043 1.7809878 0.3952371 2.2828662 1.0470305 0.8205184 2.1939631 1.5155686 0.3452567 0.5361701 0.7016522 3.3486933 1.2279165 1.5752009 1.4466741 2.0072396 0.6529672 1.0278754 3.3146262 3.9677042 1.0979364 1.1866964 2.9653889 3.9669338 0.2138019 3.5286474 0.5518881 2.5533839 3.5236733 2.1619269 1.8551972 1.222928 3.4974154 1.1573862 1.0633088 0.8504518 1.0268741 3.4877555 3.3963113 0.3600946 0.8190328 4.0810308 0.5925481 3.3496614 1.7018203 0.8180505 3.7369559 3.4415743 0.8160396 3.2396021 3.7576614 3.2751801 2.3717741 1.0512494 1.725447 3.3139961 3.3804918 3.195112 1.2967315 0.3234789 3.3362058 2.8997398 0.6817578 2.8823783 2.3198128 2.8312576 2.4558522 0.1739511 3.8838793 0.5185043 3.5184479 1.8528323 3.4484874 3.4221588 1.4132066 3.2920325 0.7645208 1.3731467 1.5319079 1.9228298 0.564064 0.8328535 1.4739694 0.3643741 3.211817 2.3373771 0.9707589 1.2279165 3.2281268 0.5070588 1.2267684 0.3333967 1.9147116 3.0981081 3.2823806 3.3804918 0.6920654 1.5895343 2.4629011 3.5592803
0.4180127 1.8301912 4.3331304 1.1585102 3.5036617 1.12379 3.5833057 0.6385536 0.0 0.8502008 0.7367368 0.8580925 0.7085975 0.2228573 0.5468099 3.4622982 0.6088218 1.4279709 3.38487 3.8077629 0.563256 0.9126288 3.4910337 3.7360031 0.2502055 4.0688184 3.6122634 0.6840438 2.5288986 3.3246157 0.5133379 1.0516561 3.4807605 0.2773354 0.6146801 1.5674917 3.493301 0.5884267 0.8158375 1.2944193 0.8024335 3.6298434 1.0059221 3.2703464 3.6070264 2.9213565 0.3998553 1.3558228 1.6349638 0.9848712 1.6412205 1.8034348 0.9987028 1.8644734 0.4110355 0.2568266 1.7278524 0.8771571 0.95759 0.4395206 1.2473148 3.4223883 0.6269008 1.240295 1.3381123 1.5854152 0.640595 1.2939155 3.6531187 3.9868426 0.4882371 1.1688183 3.2100489 4.4897461 0.6975477 3.5923737 0.3010322 2.2473809 3.7032708 1.5512238 2.2456873 1.0720756 3.5342757 1.1456135 1.2642643 0.7185577 0.5431768 3.8389621 3.589713 0.7845585 1.1855032 3.8486076 1.1057517 3.3893966 1.0847718 0.9639947 3.8300865 3.7208981 0.8830767 3.495743 3.7758001 3.6902254 1.8819583 1.2329006 1.7345477 3.5676077 3.4622982 3.4203217 1.0074736 0.5059933 3.4668346 3.08046 0.5540796 3.1309823 2.0564857 2.4878582 2.9094958 0.7030869 4.3093634 0.3461142 3.9710958 1.712604 3.8022741 3.53066 1.2263086 3.4620821 1.2001983 1.1257776 1.2318378 1.6259588 0.8312891 0.7723094 0.8586955 0.4243853 3.2539228 1.9391389 1.0299601 0.6269008 3.4452766 0.3469032 1.1942513 0.7081905 1.32792 3.3867671 3.6104224 3.4622982 0.1873234 1.3089076 2.8924336 3.6631133
0.9920742 1.3582881 3.9038915 2.0084102 2.786534 1.8844595 2.8972451 1.1019688 0.8502008 0.0 0.8283823 1.0480353 0.1570115 0.6342183 0.3366989 2.6612381 0.2701338 0.7307452 2.5625591 3.2988713 0.5248224 0.257946 2.7619149 2.8949702 0.7063261 3.3706203 3.0515187 0.2818072 1.8110633 2.6150976 1.2119196 0.2853211 2.812616 0.7294717 1.4072466 0.7707006 3.0023528 0.6244685 0.3593051 0.5897341 1.6382534 2.8420148 1.8063325 2.6024323 3.0264688 2.3196136 1.2026866 2.1179028 1.5177133 1.559925 0.9409403 2.6482642 1.2268354 1.1994408 0.8596911 0.6501888 1.1491545 1.1910056 1.4271068 1.2515351 1.2723926 2.6177902 0.7379569 0.476603 0.5098851 0.9342031 0.4690532 2.0548785 3.0602355 3.1555067 1.126755 0.453156 2.532775 4.1560158 1.2869921 2.7811019 0.6265711 1.4575864 2.9591292 1.4256313 2.9477402 0.2506298 2.7122717 1.98738 2.0523195 1.564756 1.3324889 3.2556775 2.8582225 1.4253942 1.8880071 3.0243902 1.6943017 2.5699137 1.0831408 1.7588783 3.0304325 3.0622319 1.6981062 2.8205965 2.9453495 3.1954976 1.343659 2.0272051 2.5804761 2.8881385 2.6612381 2.7190913 0.1953528 0.7786186 2.6935229 2.3517548 0.4203817 2.460216 2.8668577 1.7299487 3.5577887 1.0106574 3.8118666 0.6272267 3.5243101 2.5587578 3.2231403 2.7430469 2.0721457 2.7156733 1.8559516 0.2838777 0.4300851 0.8248703 1.5649925 1.6105647 0.9197047 1.1577692 2.4369127 1.2442443 1.8541898 0.7379569 2.7364514 0.6369747 0.4537408 0.8611535 1.1268723 2.7473 3.006784 2.6612381 1.0335182 0.4916402 3.5640093 2.8710733
0.4584927 1.153221 4.7150442 1.6513528 3.5927225 1.8097037 3.7134708 1.3475233 0.7367368 0.8283823 0.0 1.4902056 0.6949886 0.6181544 0.7935863 3.4061412 0.7987676 0.9732639 3.2752225 4.1224595 0.3323991 1.0555316 3.562929 3.550326 0.4989265 4.1810694 3.8793089 0.9105065 1.9774176 3.4253094 1.2484166 1.1136951 3.633504 0.9004173 0.9162368 1.2112398 3.8226165 0.2287233 1.0726991 0.8842995 1.4100581 3.6001263 1.6605802 3.4241378 3.8548247 2.2664992 1.1048273 2.0316682 0.9021878 0.80966 1.148404 2.3093535 1.6577604 1.3094983 0.3556969 0.5282616 1.1207231 0.3716276 1.6828782 1.1311703 1.8392602 3.3585951 0.1240159 0.9152642 1.2931722 1.0549756 1.0214473 1.9728714 3.8885538 3.8390963 0.5590499 1.2810476 3.3528034 4.9420121 1.4326858 3.5100049 0.8297985 1.8052765 3.7507262 0.8163827 2.9402503 1.066602 3.4232575 1.7027125 1.9195896 1.2953487 0.8576852 4.0840578 3.6574095 1.5204746 1.9001411 3.4207493 1.8422389 3.2878764 0.3546123 1.6276746 3.772841 3.8842033 1.5261692 3.6399147 3.6340027 4.0168935 1.2352094 1.8825707 2.2363702 3.7061447 3.4061412 3.5315742 0.8438664 1.1159265 3.4668362 3.1561416 0.9027899 3.2819277 2.2634196 1.9845804 3.6204925 1.3655703 4.6349289 0.8801464 4.3381008 2.0900119 4.0515117 3.5024632 1.6323087 3.507817 1.9280032 0.9707865 0.9623425 1.2676852 1.5453631 1.3758544 0.1274549 1.1572103 3.1614274 1.4043486 1.6456583 0.1240159 3.5461811 0.8898475 1.2819067 1.3032244 0.5975619 3.5729819 3.8348346 3.4061412 0.8041862 1.0444114 3.5945439 3.6243067
1.2738156 2.3781036 3.54534 1.5818701 2.9870203 1.1481349 3.0218341 0.3260194 0.8580925 1.0480353 1.4902056 0.0 1.0206678 0.8788709 0.7842195 3.1032117 0.8259834 1.7786297 3.0902244 3.0745766 1.1944645 0.8779226 2.9926955 3.5101386 1.0173288 3.5083486 2.922536 0.7688902 2.8407577 2.8043406 0.6393727 1.017191 2.9010497 0.6055814 1.3732105 1.7831935 2.7553239 1.2773658 0.7201516 1.6377602 1.166423 3.2332296 1.1738927 2.6986606 2.934174 3.3676162 0.8155701 1.3465942 2.3742018 1.8330341 1.9869215 2.0830581 0.1807933 2.2468837 1.2386082 0.9715091 2.1909066 1.7158544 0.4560366 0.855357 0.3952371 3.073973 1.366344 1.520556 1.2869921 1.9818743 0.5814602 1.2903525 2.9898886 3.7059186 1.3436733 1.0061663 2.6523745 3.6625388 0.5098851 3.2557181 0.66105 2.4467057 3.2211119 2.2836159 2.0263931 1.103117 3.2328767 1.4745296 1.3439633 1.1762973 1.3179677 3.1622896 3.0913396 0.6405587 1.0568666 3.9172936 0.7675383 3.0852639 1.8411629 1.1234962 3.4545381 3.1221873 1.1331223 2.923877 3.4973926 2.9501104 2.3805187 1.3375536 2.0306047 2.9984636 3.1032117 2.8847095 1.239557 0.3754329 3.0459541 2.5998487 0.6629027 2.5690017 2.6458217 2.7393477 2.572692 0.1685905 3.5598704 0.6100597 3.1971649 2.1748766 3.1229402 3.1372184 1.7390095 2.9925257 0.9711201 1.2874195 1.4614707 1.830263 0.8628968 1.1583229 1.6173257 0.6814498 2.9477364 2.2877393 1.2837296 1.366344 2.9191018 0.6004214 1.0492437 0.1962502 2.0140847 2.7782393 2.9583617 3.1032117 0.9588878 1.5052136 2.5963272 3.2748566
0.835128 1.3579973 4.0224354 1.8665044 2.9393038 1.7732704 3.0471951 1.0286714 0.7085975 0.1570115 0.6949886 1.0206678 0.0 0.488349 0.2474702 2.8182364 0.1952312 0.7881438 2.7186935 3.4275411 0.3775335 0.3610175 2.9156659 3.0477847 0.5512885 3.522157 3.1867424 0.2688814 1.8893421 2.7670192 1.1041174 0.4300242 2.9605831 0.6205466 1.2526875 0.8747328 3.1277218 0.4806596 0.405539 0.645687 1.5051584 2.9989441 1.6848297 2.7500621 3.1642518 2.3647073 1.0759645 2.0076154 1.4429599 1.4062852 1.0043467 2.5114224 1.2014514 1.2541987 0.7032998 0.4968072 1.174964 1.0497053 1.3650871 1.1233991 1.2872055 2.7747476 0.5960907 0.5577714 0.666831 0.9792148 0.4443977 1.9445616 3.199668 3.3104272 0.969751 0.5920062 2.6813235 4.260721 1.1998771 2.93786 0.5142934 1.5622424 3.1141037 1.3502904 2.8550039 0.4066501 2.8683965 1.8520847 1.9351432 1.4265961 1.1780312 3.3942348 3.0122262 1.3327645 1.7896843 3.1475236 1.6161716 2.726267 0.9758988 1.6386049 3.1874303 3.20949 1.5720576 2.969326 3.1004557 3.3219235 1.3612853 1.9082516 2.4428374 3.0374041 2.8182364 2.8703408 0.3005837 0.710771 2.8499982 2.5051151 0.360399 2.6079247 2.7116201 1.8224894 3.4791929 0.9590325 3.9399572 0.525927 3.6446011 2.4104984 3.3611097 2.8999633 1.9241215 2.8706743 1.7669026 0.4174812 0.5326365 0.9316573 1.4569727 1.4764297 0.7956222 1.0426898 2.5934539 1.3100486 1.7257769 0.5960907 2.8884327 0.536704 0.5982394 0.8264846 1.0569495 2.8919001 3.1474757 2.8182364 0.8885475 0.6052905 3.4800815 3.0280618
0.4552492 1.6454695 4.2509117 1.378367 3.3381942 1.3321489 3.427208 0.7343211 0.2228573 0.6342183 0.6181544 0.8788709 0.488349 0.0 0.3564023 3.2698606 0.4106608 1.2100842 3.1843605 3.7020615 0.3727167 0.7248958 3.3219257 3.5269729 0.1460866 3.9101634 3.4916239 0.5020762 2.3138329 3.1609728 0.6908666 0.8539763 3.3295729 0.2822853 0.788243 1.3447548 3.3911853 0.4254407 0.6520388 1.0748901 1.0250747 3.4421991 1.2230217 3.1185721 3.4808975 2.7235847 0.6124782 1.5657578 1.5167113 1.060923 1.4245893 2.0256894 1.042066 1.6528675 0.3761248 0.0926842 1.5258182 0.8468272 1.0753289 0.6556993 1.2445493 3.2286418 0.496158 1.0178203 1.1316491 1.3731467 0.5091622 1.5033001 3.5237254 3.782735 0.5692448 0.9842309 3.0554079 4.4337887 0.8437835 3.3963113 0.2207628 2.0254634 3.5299365 1.4287428 2.4450924 0.8648555 3.3339832 1.3683958 1.4796441 0.9409869 0.7136544 3.7128429 3.4200823 0.9520175 1.3790663 3.625753 1.2651368 3.1900198 0.9725291 1.179691 3.638489 3.5730966 1.1027504 3.342582 3.5720229 3.5879286 1.6874238 1.4494881 1.9565705 3.4133892 3.2698606 3.259366 0.7857499 0.5034868 3.2838283 2.910486 0.40057 2.9779167 2.2463282 2.2685829 3.0984152 0.7480802 4.2084221 0.2749629 3.882882 1.92455 3.6771971 3.342975 1.4379317 3.2876149 1.3808951 0.9058191 1.0090364 1.4031801 1.0293387 0.9950951 0.7455315 0.6114069 3.0554063 1.7246505 1.2514992 0.496158 3.282144 0.2828986 1.0055267 0.6993269 1.1812793 3.243432 3.4778865 3.2698606 0.4002314 1.08634 3.0866347 3.4740528
0.7904346 1.5957559 3.9465899 1.6937703 2.9826117 1.5477639 3.0739442 0.7817489 0.5468099 0.3366989 0.7935863 0.7842195 0.2474702 0.3564023 0.0 2.9177358 0.0674048 1.0345256 2.8380817 3.3783332 0.4633746 0.3691951 2.9658251 3.1915213 0.47392 3.5559778 3.1570006 0.1467495 2.1325753 2.8057854 0.8752345 0.5048463 2.9781082 0.3931489 1.1432066 1.1043118 3.0711217 0.5648899 0.3058459 0.8918806 1.3121784 3.0879829 1.4717074 2.7670192 3.142573 2.6120152 0.8724008 1.7812142 1.6234696 1.3928491 1.2502139 2.3245286 0.964649 1.5013646 0.6821851 0.4093186 1.4207116 1.1072746 1.1176255 0.9221781 1.0789955 2.8772461 0.6754716 0.7971586 0.7939409 1.2266799 0.2327964 1.7181871 3.1832592 3.4402662 0.9147162 0.6282001 2.70283 4.1554901 0.9570672 3.0464205 0.2919703 1.7922309 3.1735446 1.5312145 2.615844 0.5300044 2.9875045 1.6628676 1.7162429 1.2455292 1.0688725 3.3742113 3.0639177 1.0927866 1.5534855 3.3602866 1.3707273 2.8427086 1.1186829 1.4238307 3.2859779 3.2228599 1.3659514 2.9903653 3.2291777 3.2672373 1.6049309 1.6915693 2.257856 3.0607593 2.9177358 2.9047724 0.5246219 0.463328 2.9282852 2.5543428 0.1230776 2.6259686 2.5984334 2.0599292 3.2344603 0.7133163 3.8876604 0.2905754 3.5738321 2.2575372 3.3392892 2.9887597 1.7718258 2.9312126 1.5254791 0.6201621 0.7617002 1.1594721 1.2283552 1.2857478 0.911971 0.8218483 2.7073526 1.5558607 1.5233936 0.6754716 2.9270327 0.3004323 0.6506657 0.5882829 1.2484009 2.8954987 3.1355659 2.9177358 0.7341193 0.827174 3.2370896 3.1203784
3.65274 3.0433777 2.6457897 4.5729223 0.6977064 4.2468068 0.9218289 3.3804918 3.4622982 2.6612381 3.4061412 3.1032117 2.8182364 3.2698606 2.9177358 0.0 2.8596109 2.5507967 0.2683844 1.9624298 3.1649642 2.5497694 0.6120938 0.6644396 3.3630834 1.1058577 1.6210048 2.7782557 2.3993983 0.7275837 3.641395 2.4159259 1.0008551 3.249395 4.0576417 2.2692222 1.9026854 3.2508237 2.656156 2.5759752 4.1633451 0.2215376 4.246199 0.97227 1.5194334 3.0235085 3.726638 4.4497998 3.6690778 4.1994404 2.4964064 5.1545304 3.1834884 2.5651926 3.5180761 3.3034759 2.7789963 3.7748942 3.5443388 3.7778798 2.9268773 0.0565129 3.3514059 2.504634 2.1514756 2.6169225 2.8518799 4.3932743 1.474604 0.6657308 3.7877952 2.2941168 0.920841 3.1716217 3.5918264 0.1714873 3.1767141 2.0466017 0.582921 3.6042544 5.0472993 2.4139946 0.2628844 4.5080434 4.4412507 4.1234776 3.9828789 1.6108153 0.6228564 3.7337057 4.1586676 1.9056089 3.8543353 0.2306757 3.5160129 4.1948018 0.3691951 1.1410786 4.1759459 0.9629345 0.4991021 1.9707218 2.8986554 4.4310815 5.0953222 0.9573437 0.0 0.7867577 2.577073 3.141054 0.2652425 0.6663822 2.9147055 0.9624508 5.5158994 2.19534 5.4541104 3.2110018 2.315428 3.1470801 2.3386104 5.1566805 1.6137682 0.1559086 4.6761519 0.4811772 4.0642149 2.4453566 2.4466767 2.2261947 3.9445136 4.1434765 3.451947 3.6311207 0.2811181 2.4733366 4.3361453 3.3514059 0.7415776 3.1515064 2.268056 3.0481634 3.3598478 1.1427278 1.4011774 0.0 3.649198 2.3669208 5.5165864 0.22657
0.8315125 1.5521732 3.9264886 1.7590533 2.934174 1.6145681 3.0288427 0.8410222 0.6088218 0.2701338 0.7987676 0.8259834 0.1952312 0.4106608 0.0674048 2.8596109 0.0 0.9762853 2.777128 3.350895 0.4663714 0.3159249 2.916075 3.1277488 0.5184726 3.5096624 3.1245818 0.1130257 2.0711681 2.7581294 0.9419168 0.4443162 2.9348678 0.4603832 1.1989019 1.0392162 3.0454388 0.5708621 0.2780007 0.8335755 1.3789496 3.0315384 1.5391014 2.7237678 3.1082086 2.5577466 0.9395602 1.8478903 1.6062538 1.4297105 1.191188 2.3911352 1.0067752 1.4442369 0.7168267 0.4548231 1.3698501 1.1256946 1.1738028 0.9892509 1.103785 2.8186603 0.6845827 0.73497 0.7297874 1.1711538 0.2548832 1.7848762 3.1476749 3.3781456 0.9588691 0.5752015 2.6585843 4.1439301 1.0200904 2.9870203 0.3593613 1.7268493 3.1221788 1.5137083 2.6798902 0.4647809 2.9266372 1.7295029 1.7834659 1.3113537 1.1243122 3.339574 3.0139296 1.156968 1.6186017 3.2930797 1.4316183 2.782148 1.1129099 1.4912042 3.2281268 3.1806317 1.4332991 2.9463961 3.1671471 3.2411616 1.5565159 1.7588783 2.3243234 3.0163484 2.8596109 2.8580293 0.4599787 0.5199726 2.8735246 2.5045196 0.1653598 2.58239 2.6563068 1.9961587 3.2956171 0.7648246 3.8612339 0.3572265 3.5521921 2.3208781 3.3050611 2.9323142 1.8348534 2.8795347 1.5888741 0.5531963 0.6970023 1.0940409 1.2949129 1.3523585 0.9130557 0.8891385 2.6470843 1.4966095 1.590659 0.6845827 2.8794796 0.3668885 0.595174 0.6314227 1.2264566 2.8552065 3.0989103 2.8596109 0.7958877 0.7613117 3.2994025 3.0634297
1.3697569 0.7103519 4.274058 2.5419161 2.854779 2.5389603 3.0112656 1.8162678 1.4279709 0.7307452 0.9732639 1.7786297 0.7881438 1.2100842 1.0345256 2.5507967 0.9762853 0.0 2.3863021 3.6138273 0.8903996 0.9318973 2.8098635 2.6144056 1.2041999 3.4452779 3.3219772 1.0117063 1.1065954 2.7059778 1.8793167 0.8401382 2.9580318 1.4010224 1.8427297 0.2821213 3.3464378 0.9209017 1.073534 0.1427122 2.2250257 2.7591033 2.432932 2.7598176 3.2755899 1.5890217 1.8225239 2.7732399 1.1495229 1.7740647 0.2169041 3.2018638 1.9570064 0.4690532 1.2317611 1.1755397 0.4489743 1.3038597 2.1499247 1.8655905 1.9810057 2.4990427 0.9750516 0.2657027 0.7532141 0.2103971 1.1994408 2.7104845 3.2933693 2.9176809 1.4959808 0.9621511 2.68043 4.5966392 1.9869912 2.6333505 1.2944781 0.8416458 2.9687409 1.0739165 3.6370152 0.7405128 2.5299144 2.55781 2.689698 2.1297152 1.7745413 3.4921045 2.8968716 2.1176134 2.5695447 2.4610538 2.4042871 2.403972 0.9819229 2.389775 2.9073899 3.2094713 2.3110401 2.9551822 2.7186611 3.528178 0.6508385 2.6595308 3.1304344 3.0127797 2.5507967 2.81798 0.5401444 1.496247 2.6536706 2.4255177 1.1394416 2.6222658 3.2357471 1.0607873 4.2669208 1.7376285 4.1216152 1.3116791 3.8898577 3.032565 3.4656775 2.6654529 2.5584154 2.7328159 2.5524282 0.5239661 0.3454329 0.3256182 2.2289777 2.1933985 0.9721855 1.8101523 2.2872963 0.5222521 2.4562689 0.9750516 2.8216828 1.3227037 0.9297627 1.5916338 0.8108889 2.9365268 3.2292719 2.5507967 1.5824209 0.3495734 4.2663627 2.7757592
3.5480808 2.8405844 2.9000656 4.5147784 0.9528044 4.2231569 1.1789748 3.3523526 3.38487 2.5625591 3.2752225 3.0902244 2.7186935 3.1843605 2.8380817 0.2683844 2.777128 2.3863021 0.0 2.2093435 3.0516623 2.4746698 0.8676745 0.4833935 3.2686168 1.3726346 1.8642524 2.7033562 2.1573596 0.9582148 3.5991968 2.3332707 1.2473933 3.186476 3.9682818 2.1075222 2.1307538 3.1325322 2.5925608 2.4236275 4.1112402 0.4744134 4.2103425 1.1944849 1.7647149 2.7696213 3.6704049 4.4330071 3.4837461 4.0772181 2.3144559 5.1127009 3.184038 2.363504 3.410727 3.2111319 2.5839473 3.6401099 3.5392643 3.7218009 2.9460366 0.2191846 3.2285611 2.3638618 2.0545055 2.4357943 2.7927901 4.3748892 1.7240625 0.6157891 3.6838702 2.2253026 1.1338428 3.4188272 3.5655514 0.25681 3.1076594 1.8268486 0.8512658 3.4226824 5.0685835 2.320706 0.1497165 4.4594279 4.4156613 4.0639528 3.89343 1.8677702 0.8870584 3.7098439 4.1468089 1.6484025 3.8513358 0.0381532 3.3622337 4.1590569 0.5380297 1.4021623 4.1328468 1.2116743 0.4077062 2.2104712 2.6927614 4.4030013 5.0513394 1.2124716 0.2683844 1.0306063 2.4618824 3.0958881 0.5254221 0.8383724 2.8460763 1.1629449 5.4284726 1.9562782 5.5040477 3.1866073 2.5761022 3.0819598 2.5845425 5.0914037 1.8687767 0.4237622 4.6074646 0.7358371 4.0590458 2.3295833 2.3128945 2.0607118 3.9143511 4.0896248 3.3127169 3.5821079 0.145131 2.2677979 4.2937764 3.2285611 0.9892348 3.087252 2.195384 3.0189579 3.1891311 1.3772214 1.6494494 0.2683844 3.5721902 2.2309393 5.5604563 0.4613129
4.1567865 4.2879611 0.7116328 4.6390918 1.266518 4.100995 1.0491089 3.3999628 3.8077629 3.2988713 4.1224595 3.0745766 3.4275411 3.7020615 3.3783332 1.9624298 3.350895 3.6138273 2.2093435 0.0 3.799752 3.0677751 1.351804 2.612608 3.8401681 1.1728486 0.3492778 3.2388506 3.9772443 1.2568022 3.7138126 3.0161516 0.9623544 3.5329894 4.4038164 3.3677351 0.319547 3.9050306 3.0741812 3.560634 4.2322933 1.83966 4.1884694 1.0439604 0.4448907 4.6607218 3.8842641 4.2300992 4.7318614 4.7628379 3.6746168 5.0482251 3.0416196 3.8564669 4.0591469 3.775962 4.0009853 4.4720034 3.3701463 3.9268387 2.7156103 1.9985399 4.0210569 3.4328832 2.9117684 3.7718991 3.1929051 4.1916706 0.4888587 2.4906628 4.2690934 2.8467407 1.120965 1.2096021 3.5602151 2.0915796 3.5153884 3.5170613 1.4595516 4.6462207 4.4888574 3.0787945 2.2229708 4.5122479 4.286351 4.2502666 4.3386782 0.4046226 1.3608814 3.6616129 3.9388047 3.8556796 3.6135371 2.1722718 4.3739376 4.1426346 1.9993507 0.8593593 4.1789063 0.999525 2.407242 0.1323007 4.1792052 4.2953815 5.0097317 1.0099384 1.9624298 1.178765 3.3352489 3.3254802 1.6981087 1.4580228 3.3039983 1.130999 5.7166025 3.7701256 4.6537468 3.2381397 0.5132674 3.465056 0.3763736 5.2214631 0.3812584 1.829821 4.8082091 1.4815159 3.8085562 3.2368903 3.3451703 3.3549807 3.8857143 4.2273571 4.2184533 3.7529603 2.1358253 3.8006521 4.314537 4.0210569 1.2214479 3.462803 2.8517417 3.1439565 4.3514149 0.8437825 0.5612962 1.9624298 3.9630043 3.2957576 4.755908 1.8862933
0.5063391 1.2734601 4.3862838 1.6517377 3.3106071 1.6868103 3.4220389 1.0959752 0.563256 0.5248224 0.3323991 1.1944645 0.3775335 0.3727167 0.4633746 3.1649642 0.4663714 0.8903996 3.0516623 3.799752 0.0 0.7325176 3.2850374 3.3570164 0.3206928 3.8952801 3.5625715 0.5781812 1.977114 3.1396545 1.0611924 0.8065624 3.3368256 0.6383672 0.9670515 1.071835 3.4977863 0.1056974 0.7408557 0.7675383 1.3416174 3.3514059 1.5633188 3.1264708 3.5410024 2.3584004 0.9627838 1.9182884 1.1801235 1.0391 1.0968894 2.3114695 1.3685292 1.3082227 0.3651692 0.3075637 1.1648405 0.6733343 1.4401733 1.0006619 1.5258673 3.1196894 0.2215376 0.7465943 1.0205982 1.0312252 0.6938903 1.8566005 3.576838 3.6322307 0.6412796 0.9695398 3.0572127 4.6098286 1.2159427 3.278115 0.549085 1.727756 3.4800605 1.0892645 2.808317 0.7734341 3.2009715 1.6691225 1.823122 1.242123 0.8957153 3.7711812 3.380989 1.32446 1.7454581 3.3440872 1.6377602 3.0614995 0.6583398 1.5232514 3.5336989 3.5860943 1.4362328 3.3451094 3.42402 3.6926453 1.3196335 1.7903335 2.2400742 3.4128096 3.1649642 3.2438404 0.5897924 0.82799 3.2084405 2.8753859 0.5766369 2.9842863 2.4035035 1.9490087 3.4676379 1.0856071 4.3115992 0.592559 4.0102541 2.1543549 3.7378945 3.252818 1.6748334 3.2366147 1.7518872 0.7220927 0.7657839 1.1309622 1.3927745 1.3092031 0.4486213 0.9786194 2.9311691 1.3876783 1.5755569 0.2215376 3.2609767 0.603393 0.975158 1.0017581 0.8236262 3.2692798 3.5248689 3.1649642 0.6983002 0.849388 3.4533581 3.378564
1.1444887 1.5950114 3.6615566 2.0450401 2.6187766 1.8378027 2.7156103 1.0000413 0.9126288 0.257946 1.0555316 0.8779226 0.3610175 0.7248958 0.3691951 2.5497694 0.3159249 0.9318973 2.4746698 3.0677751 0.7325176 0.0 2.6002698 2.8379696 0.8338241 3.1953987 2.8306242 0.2288716 1.9646424 2.4431232 1.1720478 0.1554529 2.6235042 0.7189586 1.5123767 0.9062154 2.7671179 0.8374963 0.1599572 0.798482 1.6510663 2.7189646 1.7851828 2.4124733 2.8103853 2.5123125 1.2077727 2.0664509 1.7755009 1.7375754 1.1287698 2.6625026 1.04888 1.3915237 1.0249033 0.7705035 1.3695122 1.4057239 1.2968702 1.2588805 1.0491089 2.5097602 0.953488 0.6665122 0.4550571 1.1415041 0.3511566 2.0041791 2.8475324 3.0798511 1.2734258 0.2594296 2.3462607 3.9042002 1.2033954 2.6799652 0.6340471 1.5708065 2.8062754 1.6833553 2.8540291 0.2265771 2.6238295 2.002149 2.0174664 1.5944257 1.4380049 3.0410275 2.6980785 1.3485511 1.8140679 3.0812654 1.5856811 2.4784031 1.331634 1.7353712 2.9177358 2.8703457 1.6903007 2.6342564 2.8685648 2.9615223 1.5683224 1.9969279 2.5977487 2.7037524 2.5497694 2.5435612 0.4020965 0.6862615 2.559134 2.1887135 0.3746919 2.2707955 2.9671133 1.861526 3.4362358 0.8772285 3.5799337 0.6124978 3.2835972 2.6170644 3.0073203 2.6197451 2.1327984 2.5636655 1.7645403 0.4164001 0.5959208 0.9524873 1.5165337 1.626927 1.1564202 1.135954 2.3424944 1.4225105 1.8505021 0.953488 2.5645152 0.6189941 0.2817988 0.7099669 1.3847739 2.5476115 2.796902 2.5497694 1.0997055 0.6308717 3.4516035 2.7515648
3.7417329 3.3868718 2.0340473 4.5379685 0.0856127 4.1371832 0.3113151 3.2973432 3.4910337 2.7619149 3.562929 2.9926955 2.9156659 3.3219257 2.9658251 0.6120938 2.916075 2.8098635 0.8676745 1.351804 3.2850374 2.6002698 0.0 1.2624666 3.4339875 0.6365606 1.0136927 2.8198522 2.8622404 0.2044764 3.5847084 2.4893751 0.3944243 3.249436 4.1032756 2.5312048 1.3121818 3.3807052 2.6760942 2.8052638 4.120192 0.5005624 4.1644124 0.4266452 0.9107128 3.5183235 3.7006169 4.3217782 3.957176 4.3217575 2.7992955 5.0752744 3.0401012 2.915415 3.6161176 3.3707729 3.1075246 3.9343009 3.4051327 3.7505217 2.7487787 0.6515222 3.4899239 2.7089607 2.2703094 2.9144976 2.8545652 4.2696215 0.8632976 1.1748878 3.8725575 2.3416609 0.4127432 2.5602905 3.4997213 0.7414571 3.1928495 2.456172 0.2344812 3.88353 4.8277273 2.5118942 0.8713141 4.451884 4.3332735 4.0981392 4.0299335 1.0002239 0.0992255 3.6332519 4.0236883 2.5152715 3.7044325 0.8297951 3.7265606 4.1135366 0.6986462 0.5371397 4.1118383 0.3541668 1.0648156 1.365497 3.2528671 4.3289073 5.0216168 0.3454329 0.6120938 0.1953528 2.7190913 3.1030174 0.3469455 0.4115565 2.9373727 0.4870031 5.539803 2.653011 5.1693275 3.1235332 1.7090664 3.154891 1.7281658 5.1316933 1.0020957 0.4787869 4.6644798 0.1318417 3.9156516 2.5937091 2.636754 2.4986826 3.8545654 4.1046737 3.6279732 3.5903263 0.8164356 2.8355427 4.2679749 3.4899239 0.1427122 3.1571944 2.3256857 2.9761892 3.6154205 0.5541404 0.7906226 0.6120938 3.6730375 2.5651719 5.2442118 0.5514274
3.8612927 2.971833 3.2819421 4.8825913 1.3471059 4.6283337 1.5641206 3.757286 3.7360031 2.8949702 3.550326 3.5101386 3.0477847 3.5269729 3.1915213 0.6644396 3.1277488 2.6144056 0.4833935 2.612608 3.3570164 2.8379696 1.2624666 0.0 3.5985818 1.6425484 2.2761559 3.0640518 2.1739036 1.3916886 3.9888904 2.6896045 1.6563029 3.5564711 4.2998294 2.3478464 2.5656528 3.4294029 2.9675023 2.6740745 4.4876914 0.7771039 4.6036104 1.6367096 2.1730831 2.7127385 4.0446014 4.843833 3.6494114 4.3595319 2.5075369 5.4966066 3.6143538 2.5076351 3.721221 3.5444958 2.7400676 3.9050664 3.9635033 4.0958672 3.3907585 0.6422918 3.5172646 2.6359602 2.3979883 2.6278817 3.1705545 4.7844452 2.1237544 0.336551 3.99705 2.5993559 1.5843492 3.8185898 3.9710869 0.5211484 3.471214 1.9366041 1.1743015 3.5977457 5.5088488 2.6639653 0.4036239 4.8382159 4.8183077 4.4322409 4.2253383 2.2461228 1.2538186 4.116933 4.5629865 1.3192055 4.2760479 0.5085955 3.59577 4.5526478 0.6766882 1.7705329 4.5189453 1.6165915 0.2327964 2.6277501 2.8183633 4.8032799 5.4331076 1.6027211 0.6644396 1.4459173 2.772624 3.4857899 0.920158 1.3101783 3.2125831 1.6226499 5.7557882 1.99218 5.9620161 3.595975 2.9357196 3.450306 2.9888745 5.4485498 2.2531807 0.7836908 4.9623086 1.1355581 4.4812442 2.6418121 2.5976575 2.2949897 4.3145279 4.4642329 3.573276 3.9647374 0.6209591 2.4041241 4.6799619 3.5172646 1.3984184 3.4565445 2.5655904 3.4249924 3.3908958 1.8047982 2.0522026 0.6644396 3.9224445 2.5138506 6.0148528 0.7349102
0.3178734 1.5804858 4.3934628 1.3453536 3.4525415 1.3690051 3.5468216 0.8499665 0.2502055 0.7063261 0.4989265 1.0173288 0.5512885 0.1460866 0.47392 3.3630834 0.5184726 1.2041999 3.2686168 3.8401681 0.3206928 0.8338241 3.4339875 3.5985818 0.0 4.0280312 3.6257328 0.6204131 2.2968221 3.2765972 0.7615649 0.9512487 3.4517742 0.4134433 0.7014291 1.3662201 3.5302623 0.3382322 0.7779156 1.0759645 1.0222837 3.539855 1.2427947 3.2406751 3.6132426 2.6744858 0.645687 1.5995174 1.4010933 0.9233736 1.4137939 2.0019632 1.1763522 1.6286637 0.2300395 0.0648169 1.4840497 0.7023779 1.1839583 0.6817578 1.3878524 3.3205632 0.3828871 1.0375611 1.2145154 1.35116 0.6489446 1.53812 3.6549172 3.8616177 0.440935 1.0923826 3.1761272 4.5791669 0.9363547 3.4855502 0.3649388 2.0354748 3.6389497 1.3151753 2.4939067 0.9495471 3.4183332 1.3538264 1.5027481 0.9255301 0.6268217 3.8450594 3.5317088 1.0312576 1.4354062 3.646756 1.3508257 3.2756606 0.8523695 1.2030616 3.7321784 3.6967316 1.1155428 3.4637884 3.6515622 3.7268795 1.6344741 1.4697653 1.9312757 3.5339961 3.3630834 3.3764578 0.8331543 0.6430189 3.3856994 3.022438 0.5361701 3.0995187 2.1605497 2.2647162 3.159532 0.8801652 4.347461 0.4196045 4.0245427 1.8690291 3.8097819 3.440697 1.3843825 3.3960602 1.4500284 0.9604602 1.0415233 1.4253157 1.0808333 0.9901895 0.6245414 0.6739867 3.1422464 1.7071112 1.2555275 0.3828871 3.3979504 0.4269889 1.1099366 0.8416777 1.0821531 3.3693385 3.6079676 3.3630834 0.3787767 1.1224923 3.1417845 3.5703611
4.3398542 4.022196 1.7288822 5.0778059 0.5920062 4.6376167 0.4881174 3.8237228 4.0688184 3.3706203 4.1810694 3.5083486 3.522157 3.9101634 3.5559778 1.1058577 3.5096624 3.4452779 1.3726346 1.1728486 3.8952801 3.1953987 0.6365606 1.6425484 4.0280312 0.0 0.9357505 3.4092836 3.4712973 0.7559043 4.1217631 3.0930572 0.6091907 3.8175669 4.6833219 3.1671311 1.2888626 3.9930334 3.259366 3.4382586 4.6590283 0.9043611 4.6814128 0.8099288 0.8429628 4.1142389 4.2520224 4.8084679 4.593179 4.9276329 3.4358258 5.5864249 3.5347339 3.5496986 4.2179035 3.9640473 3.7434932 4.5516491 3.8961167 4.3007857 3.226734 1.1593266 4.1039324 3.3392892 2.8881385 3.5510563 3.4286064 4.7597124 0.7660896 1.4341157 4.4684979 2.9393038 0.8616393 2.2932199 4.0182335 1.1639819 3.7683851 3.0799322 0.5292184 4.5191242 5.2411255 3.1221891 1.3188336 4.9809428 4.8327667 4.6462951 4.611012 0.76906 0.5560014 4.1451234 4.5090352 2.9582264 4.1838645 1.335604 4.3547834 4.6313349 0.9678217 0.4276037 4.6394153 0.5845164 1.4127685 1.2465975 3.8872045 4.8320645 5.5364417 0.5098851 1.1058577 0.6520388 3.3383503 3.6555156 0.8781261 1.0276988 3.5183749 0.9432702 6.1031645 3.2633754 5.5205084 3.6501178 1.3492049 3.7273899 1.5165338 5.6729758 0.7971586 0.9499794 5.215325 0.729365 4.3931749 3.215156 3.2653526 3.1350106 4.3700042 4.6459172 4.2501063 4.135533 1.3682233 3.46845 4.7918519 4.1039324 0.634891 3.7287738 2.9267093 3.5135043 4.2495091 0.755471 0.7339426 1.1058577 4.2472625 3.1952531 5.6065781 0.9311855
3.9435557 3.9845298 1.058717 4.50133 0.9292653 3.9923131 0.7199199 3.2483278 3.6122634 3.0515187 3.8793089 2.922536 3.1867424 3.4916239 3.1570006 1.6210048 3.1245818 3.3219772 1.8642524 0.3492778 3.5625715 2.8306242 1.0136927 2.2761559 3.6257328 0.9357505 0.0 3.0141773 3.6426293 0.9090614 3.5601361 2.7666139 0.6203936 3.3414623 4.2177023 3.0685776 0.3531243 3.6669578 2.8512076 3.2764722 4.088338 1.5082628 4.0655712 0.6949267 0.1052371 4.3243274 3.7197698 4.1368892 4.4520309 4.548766 3.3717745 4.9451247 2.9087231 3.5447094 3.8391366 3.561044 3.6973021 4.2358869 3.2520152 3.7645289 2.5845827 1.655412 3.7826865 3.1528978 2.6395531 3.4725422 2.9844622 4.0945525 0.1732813 2.1696261 4.0607965 2.5984246 0.7726012 1.5554284 3.4210664 1.7551326 3.3150527 3.1873411 1.1404727 4.3681192 4.4643789 2.8226467 1.8827367 4.3833585 4.182212 4.0969417 4.1501774 0.2487565 1.0312576 3.5317088 3.8408353 3.5088938 3.513188 1.82744 4.1156047 4.0180318 1.679762 0.5584867 4.0453341 0.6595786 2.075773 0.352758 3.8712923 4.1879303 4.9025529 0.6785273 1.6210048 0.8348205 3.0734118 3.144716 1.3579973 1.1097257 3.0912333 0.7862435 5.5676521 3.4346919 4.6812343 3.0810974 0.8106597 3.2667462 0.7209579 5.0905678 0.2070103 1.4924669 4.6615222 1.1415041 3.7148464 2.9689213 3.0669486 3.0526437 3.7578465 4.0808186 3.9699821 3.5918455 1.7880423 3.4850795 4.1872855 3.7826865 0.8794912 3.2654609 2.599527 2.9728025 4.0764848 0.494542 0.2302819 1.6210048 3.7751188 3.0131973 4.7760751 1.5565159
