0.0 4.9863852 3.3786707 1.6163386 5.1665494 6.450868 1.7689777 5.6541043 4.3500451 5.1054042 4.6446524 6.7163282 2.1233212 3.0238847 4.80801 4.7594731 3.2441544 3.0011015 4.7480065 2.0478371 3.859582 2.1715653 3.2543484 3.8576647 5.4630071 4.1705783 4.0221651 4.9252437 5.3509384 5.279799 2.2580907 1.0230684 5.3027781 2.0802546 2.0081548 1.5618943 4.7086283 5.322759 3.6655526 5.019697 2.7245381 2.818089 4.098221 4.3394543 4.8437469 1.0774206 5.5208823 2.7567184 4.4779186 2.4793566 4.6062209 5.631319 1.3021525 5.0482514 1.8838562 4.1373813 5.1748877 4.8283122 3.9418208 5.4757531 5.5480948 1.9703905 5.5007059 5.1743223 3.9362256 5.4854807 4.7570842 3.5937016 2.4726309 6.3390832 3.5611788 4.6325292 2.6549992 1.9235636 3.8782701 4.6119569 5.9986303 4.7771506 4.7821861 4.4550356 4.6548267 5.0323296 5.5144084 2.3451827 6.2404707 5.3928495 4.8329554 5.6477364 5.4560025 4.2106571 1.6921756 1.6444117 3.5090384 3.2224032 6.363153 2.3287287 5.9634045 1.18925 2.2553258 2.7392225 2.1697924 3.7177493 4.0080671 2.8815915 4.750566 4.8497336 1.9460305 4.1896199 4.6704819 3.3255053 4.056758 2.1231456 6.8477184 4.69906 3.1455788 1.4877268 5.2070113 5.2921522 2.2569326 1.8478228 4.5982347 3.8834962 2.0277904 2.0194642 2.6293878 6.00518 2.8824058 2.0654303 3.8073627 4.9333579 1.8210696 5.5016717 5.2066282 4.9631856 2.4412025 2.2775242 4.4622617 2.3414693 5.2673355 4.739264 1.9981338 2.9646588 4.8928636 1.3513445 5.2487649 6.3194541 6.3076205 2.0931022 5.7472137 5.0568719 6.1029888 1.6871964 4.2633928 5.3030197 4.1721672 5.9740402 5.2094001 6.2844439 3.8480272 4.4191113 5.0861569 3.0617646 5.2442163 5.4190212 1.8314461 1.6785118 5.4515512 4.9868397 4.2932704 5.6518821 2.232225 2.6919934 1.6084181 4.7567371 4.226731 4.0634572 1.7121093 5.0229287
4.9863852 0.0 6.3912988 5.2229374 5.0213407 7.2759602 5.222658 2.7491 5.2845374 5.2028144 2.9418295 3.4171826 6.1992174 6.3089537 2.0275132 6.702736 5.8116619 6.9318532 4.2916172 6.1807099 7.0086097 4.8874838 4.748834 5.5213696 5.6388363 4.8915238 4.929107 5.3912191 5.0910961 2.4247206 5.4709918 5.5217023 4.3251152 4.184479 6.0518517 5.3161122 2.7869092 4.8353097 5.6171155 1.7009605 5.6256267 5.9751807 5.7703052 5.1988307 5.5763206 4.8382217 3.4205489 5.6277742 1.3413803 5.3652761 1.9311036 3.5135305 5.4892068 3.7986201 5.9832956 5.3303125 1.1230797 1.9854006 6.2322843 3.1022103 2.6609721 5.0758706 3.7627123 4.119602 6.2328124 4.3641185 1.9336281 5.2279271 5.7353281 7.1477572 6.0200429 4.1833072 3.9462432 6.4674341 6.016823 6.692972 3.0773137 3.1577044 6.1113901 5.3804105 5.5808996 1.7760292 2.8100998 6.5898928 2.8344686 6.1477078 5.5162017 4.8130135 6.4226837 6.4086455 5.7929582 5.1478109 5.6284509 7.2636437 3.2814343 5.4726684 2.9507098 5.8923025 5.7190544 5.0535644 6.5556182 5.8336303 5.8360566 6.70796 1.5399123 4.3359419 5.8873718 4.7421755 5.2279487 5.0626857 3.0886801 5.8162118 3.6951024 1.9896037 7.5025756 6.0412245 4.8917671 2.4415917 5.926481 5.4474516 5.0814143 4.4951883 5.2878661 5.5314416 4.4586114 2.6493868 5.0672088 6.0116008 5.2438489 2.947246 6.0859511 4.9496631 2.1341537 2.5516982 5.3455449 5.5628954 1.7674551 5.6274371 3.4542616 5.145668 4.8245947 5.9685545 5.4999698 5.6512159 0.5746464 5.6165526 3.4656605 5.3767916 3.4842891 1.0267915 2.7866923 5.7082888 6.4605458 6.0763501 5.1696678 7.5054683 2.1948589 3.2067352 4.1802035 3.8390705 6.050162 5.4514099 2.4558241 1.968783 5.1772975 5.9692876 3.371581 5.0641858 3.5847818 6.1463912 5.0005821 4.5602368 5.9599499 5.3863102 5.8127971 4.8790172 5.9438205 2.651259
3.3786707 6.3912988 0.0 3.4984781 4.0569717 5.8515381 4.0250366 5.8520258 2.5256093 3.6961151 5.1260808 7.0040947 4.4274341 0.6307344 5.9959088 2.252515 4.8433869 5.0998773 4.8608541 3.0201277 2.2436759 2.8112833 3.8021716 1.7677571 5.2728004 2.364705 2.3112057 3.4528041 4.7999139 6.216052 2.9897025 3.5602894 4.0922761 3.8136584 3.5363701 2.041398 5.6233873 4.3294498 1.5883396 5.9581593 2.0976607 3.6937453 1.5036823 3.2159722 3.1679476 3.15081 5.9249489 1.4642857 5.7002395 4.6343869 5.34295 5.8533178 2.8127608 6.4244511 2.0981944 2.1051813 6.8688556 5.4322979 2.3990734 5.7841321 6.3587548 2.7391835 5.0760963 5.1326611 1.6835846 4.9306344 5.5651827 3.3896721 3.1568937 5.8806106 4.7826219 5.1606071 2.8796408 3.630468 1.9438129 4.8597996 6.5692689 5.7711292 3.6337424 2.2369282 2.5434584 6.4463655 5.7053566 3.1252454 6.8161988 3.1916751 3.9762186 4.634766 3.6538869 4.8494727 3.8990326 3.2247474 2.0307145 4.1031114 6.3705133 1.8832994 6.2926732 3.2099755 4.2203355 3.6485358 3.9428849 2.2952699 3.0965165 4.9933928 6.3719146 3.8319275 3.4963456 4.7064386 3.773657 1.7439114 5.2734549 3.152662 6.7614835 5.7357833 4.8927369 3.8017175 3.9550183 6.3821405 3.3274656 3.3096166 2.7345728 2.5769918 2.2014918 3.4365291 2.7083447 6.8559913 2.2301849 2.7734572 1.9396842 5.0736616 3.2720056 4.0784835 5.6861802 5.6549963 4.0860423 2.4172139 5.1763005 4.3076875 5.3223352 2.8463858 3.2760631 3.4057603 3.0739611 3.6310082 6.5454794 5.1344537 6.6697415 2.5662245 5.9533675 6.6025973 6.5015007 2.4598185 1.288412 3.5382245 2.6315167 3.3806761 6.0058183 7.1701937 3.0165188 3.9967686 5.3125287 1.2704279 6.0581458 6.5969955 4.0446861 3.8600083 5.6017028 3.5355333 4.389722 3.9503804 3.3725954 2.6015945 3.0175825 2.9329658 2.3290192 2.7311238 2.9326481 6.2503741
1.6163386 5.2229374 3.4984781 0.0 4.9023102 5.1230143 1.781962 5.8726294 4.8163106 5.5271059 5.2625846 7.2311774 2.2916936 3.1619789 4.7930492 5.2274292 2.9653165 3.0309772 5.6621876 1.9403358 4.5700543 2.5763845 2.335077 4.306457 6.2317475 4.386575 3.9132382 5.1531057 5.2397811 5.7740415 2.390997 1.2586313 5.2809423 1.8304243 2.9469627 1.9771747 5.0973894 5.7479721 3.8792249 5.1415435 2.3764271 1.8740018 4.2187908 5.1906522 4.9531334 0.8563768 6.1548057 2.6965894 5.0619187 1.8391995 5.1479841 6.1871127 1.0113474 4.6167259 2.14403 4.5383082 5.5489753 5.3374942 3.2943431 5.6253228 5.8394349 3.0610507 5.6129931 5.8633298 4.5836965 6.2324214 5.322258 4.6676603 1.3728576 7.6706108 3.3214676 4.5688383 2.7068077 1.8745817 3.271863 3.4644899 6.5994895 4.6572167 4.5298443 4.5336661 5.0632898 5.0776261 6.0775424 3.1064376 6.3899487 5.5066687 5.1684111 4.9666376 4.8501256 4.8457836 1.9180456 1.4919294 4.0296475 3.5485342 6.6278811 2.5154381 6.3053018 1.2557877 2.2384839 3.6106932 2.1302042 4.58612 5.1116459 2.4014769 5.1530812 5.1244846 2.4722939 4.9428147 5.559666 3.2621817 4.8632484 2.7076248 6.7159786 4.4714331 3.3043598 1.209268 5.4078364 5.6822955 2.1133359 2.8224986 4.919479 3.7303879 1.6757527 1.8236944 3.005885 6.2030719 2.9719041 3.309 3.46372 5.2267318 1.6249996 5.5799474 5.5944679 5.6483668 2.027378 3.3598863 4.8859551 2.1778822 5.2763319 4.5956845 1.9778903 2.3018963 4.8292081 1.4635748 5.5385884 5.80688 6.2123411 2.4910364 5.8787615 5.0841917 6.3017229 2.4221032 4.1120013 5.3598785 3.6326598 6.0352715 5.5121227 6.1601632 4.1738985 4.9248818 4.0413128 3.4696973 5.7896866 5.1076056 1.4067007 1.3967603 5.6636377 5.0889537 4.9578952 5.4483179 2.2908812 2.0564296 2.1284215 5.3040389 4.8938796 4.1939441 2.1822395 5.4599838
5.1665494 5.0213407 4.0569717 4.9023102 0.0 6.2277735 5.8466132 4.0480051 3.7155082 4.5500152 4.7151611 5.1177226 6.1979328 3.9658151 5.1074803 5.0435241 6.800623 6.9705573 5.63604 5.3185193 4.552455 4.9082929 4.7625144 3.7255167 6.8292583 2.9916926 2.5005788 4.9052554 5.6471096 5.0977012 4.8129275 5.210071 2.6353328 4.1059132 5.4515082 4.0291551 5.4186226 4.6771989 4.0023392 4.552812 4.3933546 5.4003556 3.1476851 4.6760041 4.7696479 4.4557746 5.4410455 4.2512603 4.7171312 5.9923267 4.7641015 4.9863388 4.6164477 5.0911804 4.8320188 3.3621914 5.5063435 4.3634028 4.3970115 5.2288732 4.4188109 4.8475902 3.7570306 5.221257 4.4230179 4.2037026 4.8381537 5.3809299 4.4857658 7.3120839 6.6313642 5.8884529 2.613232 5.7332201 3.9193968 6.5165482 5.4675659 4.4385603 2.9329001 2.9859061 3.9116801 5.3232299 4.9078706 5.1206919 4.6840209 4.3923448 5.8809997 3.5707256 1.9847376 6.9536982 5.5537229 4.6198942 4.8318276 6.1290669 5.0686688 4.5546378 4.7092237 5.4080502 6.2018883 5.6770138 5.8571577 4.7086237 5.0363562 6.2348614 5.65106 3.9231523 5.3320539 6.2448853 5.2397475 3.4623347 5.8876505 5.2335172 4.9844601 4.9000904 6.7278165 5.801211 4.5529948 4.8789964 4.4346665 5.471549 2.8622054 3.0309842 4.1422484 5.2615476 2.9798544 4.9000199 4.4803822 5.3507667 2.8630588 3.7984025 5.0607923 3.9278871 4.91219 5.2075311 5.7239044 5.1382163 4.4372725 6.0696011 4.9057839 3.2850741 5.171116 5.4229836 4.079851 5.5093238 5.0331599 4.9918928 5.5389715 4.9542965 5.4403589 5.4687678 4.5250028 4.6617596 3.5136876 5.1507077 3.0675549 5.7779348 4.4780185 5.406048 3.7239817 4.6065906 6.2986219 3.8207818 4.8446904 4.9766321 4.7514654 5.5032181 5.1502031 4.2505258 5.078305 5.2965666 5.3654257 3.1409761 5.0250197 3.9370241 4.2940797 4.1952847 4.6680192 5.219219
6.450868 7.2759602 5.8515381 5.1230143 6.2277735 0.0 5.6094924 7.1289946 6.5758663 6.6097115 7.3312486 8.8961749 6.5918792 5.9548907 6.0912782 6.821831 5.1452637 6.8735687 7.9182023 5.6815685 7.8822545 5.5517568 3.4533777 6.3713979 7.8048675 5.9659091 5.2064082 5.7910036 4.8988529 7.7798411 5.6580225 6.2378601 5.887666 5.5608035 7.3329044 6.085197 6.7477276 6.7879445 5.8185395 6.6469036 4.5944291 4.3716289 5.9425189 7.562533 5.4227256 5.6614271 7.9253752 5.2052673 7.6777386 5.1725235 7.2257109 7.8752825 5.6375262 5.9680187 5.8384995 6.5040356 7.9369737 7.3771917 3.7595261 6.305052 7.7482593 6.8092942 6.4026056 7.6619321 7.0419872 8.3620125 7.4188989 7.5712844 4.6372569 10.7947428 6.0048641 5.6737293 5.7422867 6.2722707 3.9822723 3.1487881 8.4164968 6.1732632 6.6282383 5.7199983 6.6292103 6.624132 7.7222071 7.6112632 7.6274775 5.9019665 6.0028852 3.6715724 5.5341712 8.0023301 6.3747888 5.5691959 6.161169 7.299433 7.3665158 5.3426704 7.6672361 6.0581136 5.7039772 7.1202376 6.4564484 7.4313411 8.2243778 6.5591095 7.3483615 6.134964 6.6145703 7.0419729 7.8252068 5.1199607 7.5492817 6.4652218 6.469934 5.4657351 7.5858557 6.0105053 5.9127434 7.8004042 6.2697203 6.7269871 6.5926666 4.8255223 4.9443075 5.3744755 6.2879337 7.7258776 4.9984411 7.4817277 4.679609 6.7898961 6.0188758 5.868132 7.0568217 7.7587078 5.012426 6.9341658 6.9301515 5.5884047 5.6578284 4.978491 5.0580867 4.3191502 5.0594322 5.9974709 7.5339504 3.9570165 6.2318702 5.6790597 6.3547284 6.779303 7.4993543 6.5435675 5.3663718 5.4447121 3.9820098 6.0347936 7.2902866 6.8670503 5.8291262 6.5653426 2.3146968 5.9898376 7.9063612 5.967632 6.1814633 6.0968091 6.4217464 5.5439555 6.926071 4.6741053 5.1541717 4.486483 6.5474979 7.0701053 7.0905016 5.4292558 6.726298 7.6411798
1.7689777 5.222658 4.0250366 1.781962 5.8466132 5.6094924 0.0 5.7307281 4.8355951 5.197193 4.7447676 7.0190906 1.6756708 3.7415502 4.3943804 5.2452795 1.5698586 2.239768 4.9395597 1.7489479 4.9396815 1.8381527 2.4182189 4.4394821 5.1916368 4.7468948 4.348626 4.8521279 4.6165057 5.2934342 1.8427197 1.7758872 5.5075058 2.1129678 2.6183865 2.7252688 4.3420076 5.2956185 4.3502264 4.9157044 2.4319896 1.7428531 4.8061867 5.0582669 4.7432479 1.9649031 5.49941 3.3548846 5.0246208 1.0406011 4.9402458 5.663316 1.9819435 4.449685 2.2124254 4.9007222 5.351772 5.1510735 3.5442863 5.0811552 5.6757896 2.5702581 5.4211934 5.1841946 4.7112883 6.0948047 4.9907189 4.0388403 2.2421362 7.3077769 4.012306 4.7687325 3.3556916 2.0235038 3.9544032 4.0203166 6.0959336 4.3820253 5.953131 4.8748861 5.2903931 4.7055014 5.7849959 3.6419351 6.2216843 5.382953 4.5515251 5.4288649 6.1064992 5.2810368 1.6073587 1.5535682 3.8955168 3.2024302 6.2783657 2.3451996 5.9871572 2.0579537 0.6546003 3.8176057 2.1644022 4.6958339 4.988836 2.7483239 4.6398481 4.912245 2.0229117 3.8002205 5.333727 3.8787849 4.5120338 2.0620063 6.5347021 4.5035396 3.2822407 1.7434727 5.1198409 5.3398043 2.8437617 1.9055928 5.3195109 4.1045114 2.0991783 1.1197799 3.3689041 5.9652153 2.7328216 3.0724959 4.2049966 5.0065151 2.1498126 5.4468043 5.3392834 5.1631608 0.8514559 2.9475666 4.8839943 0.7502603 4.7993644 4.8895984 1.1749429 1.8385017 4.7573665 1.169401 5.4603019 5.7536718 5.7437141 1.8467907 5.2735571 5.0778687 6.1156872 2.4664277 4.6215808 5.0136119 4.1542712 5.9216651 5.2433891 5.8309077 4.0268105 4.7632731 3.8879804 3.6104806 5.401694 5.1547248 2.7661658 1.8420962 5.086079 4.8754943 4.5606457 5.2640231 1.2423994 2.9047672 2.2598396 5.4210759 4.8378556 4.3976844 2.8219138 4.9013306
5.6541043 2.7491 5.8520258 5.8726294 4.0480051 7.1289946 5.7307281 0.0 4.0816034 3.7016272 1.8644644 1.7875326 6.5461633 5.8198847 2.4329942 5.8412961 6.2398571 7.2210553 3.5203729 6.1307699 6.3246805 4.7267297 4.9169365 4.5825095 4.7931884 3.9760816 3.8519107 4.3621862 4.1762278 1.560552 5.1189508 6.0581937 2.5318205 4.4284604 5.9924677 5.4133981 2.3733597 3.0964337 5.283793 1.5036402 5.2302018 6.0118736 5.0006349 4.483005 4.5717815 5.4179224 2.0591622 5.6400445 2.6875096 5.9480412 2.4145083 1.5994792 5.8107932 3.7292137 5.8344445 4.5147893 2.8816211 1.5830813 5.561055 2.1153713 1.4476348 4.8700436 1.3895917 2.6194642 5.4673022 2.7900988 1.9752542 4.6613568 5.7761306 6.6717397 7.3919237 5.3995032 3.7235427 6.7235084 5.590483 7.3719277 1.7564826 2.4367037 6.1908925 4.2052032 4.6853415 2.5185871 2.0069997 6.6702973 1.2118985 4.5775737 4.89531 4.0043271 5.7402086 7.6013603 6.0611817 5.2322505 5.17449 6.9456917 1.4202554 5.1478443 0.7336384 6.50249 6.0415281 5.9717234 6.7790967 5.4315542 5.2676751 7.2022938 2.7380714 2.8077554 5.8073895 4.3356098 4.6908434 4.804523 4.2825423 5.5374063 2.0230528 3.2462016 7.7233257 6.6992899 3.5339186 1.7245565 5.9190626 5.3687005 4.0114227 3.7838835 5.1601055 5.5592543 3.929704 1.5273946 4.6768968 5.9317504 4.6819778 0.9081935 6.2476481 3.1399761 2.108721 2.2221399 5.5912767 5.3586654 2.5872755 5.9250516 2.3574592 4.0489961 5.0483219 5.8211879 4.1791706 6.0289822 2.3660198 4.4259235 2.3382578 5.1272625 2.2940449 3.4107667 0.705003 5.5625249 5.4781286 4.8235176 4.3738922 6.3453336 1.0481201 2.3941536 3.2079123 3.515047 6.168563 4.7746336 1.4432896 2.9666777 6.0281396 6.4259181 2.0755432 3.6734482 3.4519711 5.1170185 5.0974977 4.441024 5.9978528 4.3442751 4.7735085 4.5504695 6.0726061 2.0675507
4.3500451 5.2845374 2.5256093 4.8163106 3.7155082 6.5758663 4.8355951 4.0816034 0.0 1.4430217 3.3164439 4.9767486 5.5655838 2.7903933 4.9182491 1.8511062 5.47002 6.2793 2.9451605 4.4265074 3.2264406 3.0784562 4.3197312 0.7806299 3.6376382 1.0922484 1.7672031 1.9485098 3.6868837 4.5776512 3.7079191 4.850892 2.4166195 4.2830665 4.4462875 3.3965408 4.1630023 2.0793268 2.0367862 4.6279238 3.1797904 4.8930787 1.694992 1.4880211 1.9865924 4.286827 3.9232602 2.9509296 4.4417768 5.5068367 3.7913446 3.8275369 4.2805831 5.9954571 3.6006368 1.0573497 5.7357193 3.7391831 3.413588 4.1187433 4.9084609 2.9185687 3.2452824 3.0422154 1.6036348 2.7105278 3.9186773 2.2932602 4.5664879 4.5755158 5.9363743 4.8835398 2.9425707 5.1964333 3.1643222 6.1029061 4.5913708 4.8939271 4.5214191 1.1709077 1.0860245 5.3704806 3.6674447 4.6112437 5.2144618 1.7248451 2.856646 4.0431153 4.3159878 5.5429765 5.0100116 4.1872039 1.8418744 5.3394371 4.3210288 2.7994538 4.4041848 4.8161515 5.0686266 4.0448225 5.422168 1.9865683 2.2381405 6.4351552 5.183304 1.7368124 4.4590793 3.5211413 2.0966443 2.2416755 4.2653434 3.9381947 5.0584267 4.9423177 6.4048337 5.3333061 2.0344897 4.9596888 4.6740377 3.8040813 1.2057954 1.979835 3.4107218 4.3937554 2.7350384 5.3596163 2.4412616 3.5934718 2.4169228 3.3494931 4.790574 2.1280035 3.962654 3.8424436 4.8372731 2.7877833 3.8149723 5.1317007 3.7920364 1.8646341 3.8407738 4.4405104 1.9194441 4.82184 5.2717482 4.1970029 5.1412674 3.2188218 4.2474328 5.714766 4.7704869 3.5828523 2.3157889 2.4007082 2.7353958 2.9750658 4.4766474 5.909571 1.4055367 2.3306445 5.7770086 1.5905347 4.3606165 5.7351477 5.2848709 5.2791407 3.8318774 1.8363336 2.7656633 3.1483366 3.8535124 3.3091879 4.3293795 0.8993524 0.8902461 2.0787165 4.370477 4.8820134
5.1054042 5.2028144 3.6961151 5.5271059 4.5500152 6.6097115 5.197193 3.7016272 1.4430217 0.0 2.8721205 4.5898356 6.1436683 3.9774063 4.5302134 2.5856755 5.4901138 6.7733315 2.3772522 5.098116 4.5246154 3.4105114 4.495334 2.0913742 2.673315 2.1141956 2.5504065 1.2802522 2.7640003 4.1758961 4.2125975 5.6475856 2.3990091 4.8357624 5.2308144 4.4520126 3.5389404 0.8586107 3.0566756 4.3162026 3.7463348 5.3139149 2.9543842 2.0692648 1.5837314 5.0951229 3.2018278 3.8800235 4.4932191 5.8245426 3.5693876 3.2052374 5.1445164 5.9367838 4.4330215 2.3695074 5.6254989 3.5211083 3.8450709 3.2728959 4.7508088 3.5851853 2.7143095 2.255173 2.8230009 2.7057783 3.6042291 2.5390645 5.2681124 4.8823337 6.5397377 4.9154861 3.7814936 5.975522 3.8593902 6.4167053 4.0207917 4.732492 5.7370678 2.1095448 2.0513166 5.0399488 3.146939 5.7528914 4.8527085 1.4653146 2.1614107 3.9567099 5.3159892 6.2635506 5.6638612 4.8320712 2.4612374 6.0564757 3.5087925 3.4403025 3.8832023 5.6760709 5.3707405 4.7350332 6.1744401 3.0736932 3.1325966 7.1592874 4.8764601 1.0315014 5.1296737 2.9169727 2.3073654 3.1502785 4.2195985 4.5362636 4.3190915 4.7476341 7.2049498 6.0860847 0.9812941 4.7340513 5.6040786 4.3124936 2.3057627 2.4735884 4.1460068 4.8618138 3.6445291 5.0382042 2.8079026 4.4940337 3.2831824 3.0362664 5.630567 1.3670669 3.4821686 3.3885647 5.0894638 3.5298628 3.7545555 5.4329133 2.9710995 2.1480714 4.1419319 4.7519447 1.6762931 5.4628282 5.1193114 3.5542618 4.3251999 3.706589 3.2988798 5.5799712 4.3499615 4.4896178 3.3235662 1.751109 3.1963468 2.9252164 4.1838117 5.4403011 1.4745285 2.1142429 5.6237845 2.6741904 4.0412498 5.5274137 6.1669546 6.0367168 2.9227286 1.1008659 2.4187167 2.5948525 4.071999 4.020626 5.1968881 1.8037209 1.9921041 2.4511054 5.3992547 4.5680317
4.6446524 2.9418295 5.1260808 5.2625846 4.7151611 7.3312486 4.7447676 1.8644644 3.3164439 2.8721205 0.0 2.5571793 5.6363146 5.1075279 2.5332528 4.8733246 5.2568237 6.306151 1.7945967 5.2697265 5.4868576 3.5914197 4.528146 3.7667288 3.2237641 3.5338663 3.6810445 3.5271138 3.6162131 1.4102339 4.2481785 5.2414161 3.0152355 3.9869818 4.9438833 4.6347351 1.428238 2.3146506 4.5407324 2.068593 4.5214263 5.4135611 4.5362661 3.2933429 3.8310797 4.7386727 0.957395 4.8843799 2.2989656 5.2305682 1.6999324 1.1252886 5.0915326 4.2398386 4.9003245 3.8857583 2.985952 1.2497938 5.1333082 1.9458398 2.3962491 3.5787456 2.0655586 1.2178296 4.4808023 2.2587819 1.2051551 3.0666886 5.341814 5.2793102 6.5930818 4.8153384 3.4358829 5.880025 5.2186525 6.9396162 1.5425769 2.933541 6.2501803 3.8691818 3.9969832 2.7484666 1.4769225 5.8018577 2.7049639 4.0797294 3.7411235 4.5798033 6.164813 6.517195 5.2009119 4.5193637 4.0336497 6.0625934 2.0635045 4.1826584 1.7544786 5.6263182 5.0322722 4.7928287 5.9656153 4.2957848 3.9839531 6.612426 2.3064903 2.2775165 4.8620173 2.6716934 3.4061133 4.2541889 3.0446379 4.4970896 3.2997248 3.3761505 6.895219 5.8550019 2.9375475 2.1083469 5.3958394 4.1069565 3.6660745 3.5010951 4.4812443 4.7186947 3.4128437 2.6590914 3.7372629 4.6731214 4.4501813 1.3067592 5.5317251 3.0257988 1.7651623 0.9862729 4.768616 4.0054985 2.1743238 5.0084461 2.2499911 3.8664429 4.06759 5.1100823 3.7659677 5.130514 2.6932888 4.6756619 2.975177 4.0384922 2.1647892 3.55567 2.299103 4.5974688 5.0660898 4.1305279 4.3085034 5.6280769 1.7201657 3.4327418 2.3913828 2.5309091 5.9310676 3.8951029 1.3169365 3.7015908 5.5447061 5.6825676 1.7478498 3.1601591 2.13274 4.6625142 4.0568507 4.1748606 5.1101957 3.5982604 3.773033 3.8474651 5.3060555 1.9066902
6.7163282 3.4171826 7.0040947 7.2311774 5.1177226 8.8961749 7.0190906 1.7875326 4.9767486 4.5898356 2.5571793 0.0 7.7054626 6.9696299 3.7688075 6.7168184 7.6275794 8.3914667 3.8533428 7.4220867 7.0425937 5.9864098 6.5551822 5.5537555 5.3378384 5.0458545 5.1916183 5.4728184 5.5771083 2.0139916 6.4048943 7.2198414 3.8203343 5.7535498 6.9084907 6.5361205 3.3985162 3.9567171 6.3731765 2.7934848 6.6740593 7.5314835 6.0767371 5.0112569 5.7752631 6.6568749 2.3090742 6.896773 3.0731609 7.3476604 3.0266616 1.900678 7.0709674 5.0836237 7.0504563 5.413934 3.2587935 2.2039567 7.1142732 3.3610303 2.0252498 5.7979313 2.8351161 3.0739852 6.2821865 2.7066783 2.5321092 5.2728471 7.2445043 6.347825 8.5589939 6.4949042 4.9682895 7.9331542 7.0678068 8.9582093 1.4154477 3.8458559 7.1531895 5.3583063 5.530828 3.6360316 2.252952 7.5379221 1.930956 5.6912168 5.9539464 5.6396048 6.9652162 8.3230011 7.2277662 6.5342023 6.1998146 7.9927978 2.1199163 6.435591 1.4132869 7.6911648 7.3361401 6.7736855 7.9708333 6.104801 5.6790228 8.4262979 3.4352303 3.9394035 6.9042481 5.1460045 5.1194128 6.0696887 4.800845 6.6456127 3.24672 4.5828792 8.780767 7.9331348 4.656178 2.2357573 7.0940465 6.3809199 4.8742875 5.193874 6.5472725 6.9073826 5.0213209 2.1396571 6.0233735 6.7406386 6.061753 2.32217 7.4799124 4.3415809 2.8419961 2.5278624 7.0086083 6.2489458 3.3406615 7.249436 3.8181372 5.3871181 6.4144051 7.33644 5.5166975 7.253673 2.904303 5.9811011 3.6448789 6.3673751 3.4961415 4.2977343 1.6504271 6.6179217 6.7315254 6.0411609 5.9286578 7.444596 2.0619501 3.5100741 4.4073442 4.3570686 7.8742716 5.8785156 1.7260148 4.2597435 7.1907014 7.6548416 3.2758666 4.9137434 4.1741698 6.4706979 6.4511293 5.9309451 7.0953124 5.0363551 5.5296765 5.7178614 7.1184017 2.7053581
2.1233212 6.1992174 4.4274341 2.2916936 6.1979328 6.5918792 1.6756708 6.5461633 5.5655838 6.1436683 5.6363146 7.7054626 0.0 3.9565011 5.5057273 5.9818075 2.8861305 0.9200916 5.8769761 1.5625152 4.7301787 2.8943564 3.6969989 5.0914202 6.2600458 5.5582219 5.0565026 6.0153108 5.9720501 6.0659236 2.0793768 1.491091 6.3367435 2.4495279 1.854544 2.9242951 5.4517042 6.2425915 5.1995482 5.8580481 3.1761018 2.2724035 5.4263806 5.84575 5.886148 2.3600609 6.3870036 4.1755518 5.9208233 1.8722086 6.0440702 6.4372912 2.0815662 4.9107695 2.3512135 5.6009291 6.1338134 6.0803563 4.3077726 6.2914764 6.2239414 2.9710695 6.2618251 6.0475636 5.2025218 6.7123586 6.0018013 4.7377265 2.3997474 7.7427024 5.0384761 6.2685028 3.8392213 1.131453 4.7895641 5.1747648 6.8971684 4.9930142 6.2735665 5.6141333 6.1166766 5.6909406 6.8207157 2.9580761 6.918421 6.2297405 5.8628176 6.5299447 6.4264999 6.1303347 0.6680647 1.6715682 4.8324934 1.9686233 7.3110385 3.1002328 6.7873161 2.1618074 1.5383213 4.751374 0.9310875 5.2906251 5.4280333 1.5439051 5.6321722 5.9158813 1.3187437 4.9310207 6.2428504 4.788056 5.7336633 1.8399399 7.5876109 5.8091347 1.6823056 1.6102011 6.2533288 5.9413227 2.1512017 2.1039463 6.0141791 5.1030268 2.6695567 1.5476048 3.5945125 6.6180674 3.8296659 2.9799465 4.9977313 5.8030641 1.5094613 6.4208359 6.5179058 6.1606509 1.988414 3.4161188 5.9999199 1.4705001 6.0316749 5.8681632 2.6037475 2.6443649 5.7556151 0.9877371 6.378735 6.9787919 6.866107 2.5638088 6.4697224 6.2025937 6.8883196 2.2888545 5.0907636 6.0956304 5.0421214 6.8307416 6.0068331 6.603082 5.0306456 5.9742172 5.1692601 4.2032268 6.1321414 6.1825503 2.6605035 1.1556787 6.246681 5.9431322 5.7787343 6.4921826 2.6216861 3.6240592 1.6630325 6.198374 5.434542 5.5752338 2.2704818 5.5500073
3.0238847 6.3089537 0.6307344 3.1619789 3.9658151 5.9548907 3.7415502 5.8198847 2.7903933 3.9774063 5.1075279 6.9696299 3.9565011 0.0 5.9196519 2.7702738 4.70408 4.6399079 4.9602134 2.5938829 1.9821314 2.6909544 3.741887 2.048982 5.4668162 2.6455076 2.4301479 3.8406075 5.030946 6.1142463 2.6239131 3.0959696 4.2245342 3.4204804 3.0233952 1.60967 5.5992744 4.5279132 2.0519361 5.8736194 1.9785596 3.4098569 1.8760272 3.4679659 3.5785974 2.7752197 5.9339003 1.6653891 5.6340428 4.3234576 5.3863448 5.8349728 2.3731831 6.1432561 1.6914439 2.4210663 6.7118697 5.4199716 2.4970114 5.8600551 6.1879559 2.4901042 5.1062185 5.1876699 1.9852983 4.9832102 5.5622634 3.4539156 2.7660408 6.0125704 4.8246104 5.386859 2.6178174 3.1360449 2.2062294 4.949674 6.5382945 5.5551128 3.6142517 2.537789 2.9657683 6.3266904 5.8002632 2.5747346 6.7114728 3.5533544 4.327706 4.8205141 3.6510484 4.998732 3.4100729 2.7870125 2.3958978 3.5679371 6.4532496 1.7744232 6.2567452 2.8411689 3.9262101 3.7256524 3.4242664 2.5386155 3.1930604 4.4662061 6.2639377 4.0343794 2.9985189 4.7787642 4.0625234 2.0313705 5.3506953 2.7278171 6.8320432 5.7455524 4.3324407 3.4019608 4.2625579 6.2078207 2.737216 2.980019 2.9832671 2.7888394 1.8939604 3.0795589 2.3564495 6.7134486 2.3433461 2.4305188 2.1574101 5.0290462 2.7423072 4.3226839 5.7739201 5.6750558 3.8233422 2.2925631 5.2221591 3.988731 5.418938 3.1835506 3.1292692 3.2185774 3.3984481 3.2040597 6.4573558 5.4060246 6.7009293 2.3551045 6.0383833 6.540832 6.4399295 1.9606742 1.5815179 3.9230419 2.7921933 3.9186776 5.8956192 7.0395463 3.1772369 4.2528396 5.3689682 1.3763361 5.960755 6.5064213 3.6049345 3.3733869 5.6842923 3.8338598 4.5734452 4.3708641 3.2352407 2.4176526 2.4774163 3.2666269 2.5863728 3.1313452 2.3579757 6.0752661
4.80801 2.0275132 5.9959088 4.7930492 5.1074803 6.0912782 4.3943804 2.4329942 4.9182491 4.5302134 2.5332528 3.7688075 5.5057273 5.9196519 0.0 6.3179945 4.5987822 6.0887094 3.9678529 5.388718 6.896403 4.0283719 3.6381059 5.1687634 4.8062369 4.6799248 4.40343 4.6142967 3.6540811 2.1455112 4.5384597 5.1865362 3.8480751 3.6032591 5.6172512 5.1285995 1.59911 4.0481066 5.4382161 1.0705383 4.7130746 4.8959352 5.5645369 5.185905 4.7566146 4.5969005 2.9239454 5.3157669 2.6731883 4.4070334 2.4740293 3.0238183 5.0953195 2.6170786 5.3711903 5.2428957 2.2231933 2.3752138 5.1930536 1.8430055 2.5925582 4.6422251 2.9035142 3.4936959 6.0025566 4.5350599 2.2311388 4.8763979 4.9830562 7.5604776 6.1440321 4.3214057 3.7831501 5.8922278 5.3579224 5.9661882 2.99349 1.9042054 6.5994342 4.9523602 5.4383304 0.6913488 3.0284453 6.5318781 2.5549582 5.3038941 4.6519064 3.9990047 6.3563589 6.9736129 5.1769474 4.4575342 5.1850573 6.5236559 2.7688196 4.7217773 2.5998851 5.621303 4.7320528 5.3979996 5.9480275 5.8606689 5.9058236 6.1626332 1.4539086 3.6501453 5.2266056 3.8229407 5.2822512 4.7929193 3.6286159 5.0526899 2.7693611 1.6636838 6.9786036 5.6246892 4.0790018 2.2684473 5.5202008 4.7873919 5.0490582 3.9696679 4.5964638 4.5929309 4.1939013 2.3720731 4.2359272 5.7679131 4.833922 2.3910432 5.5604315 4.1091649 2.293042 2.6444964 4.2387794 5.1847721 2.5424624 4.6022523 2.0455942 4.5439055 3.9246084 4.7895823 4.5675131 5.0375851 2.002323 4.3489981 1.9559955 4.5391487 2.1246829 1.9573563 2.4957313 5.2784884 5.8793242 5.0440239 4.4000132 6.6899805 1.8962078 2.035775 3.5838747 3.7521838 4.6481999 4.9974876 2.4444966 1.5085761 5.1828237 5.4770052 2.1594348 4.1740214 3.4736149 5.093438 3.9931264 4.0120765 5.5047083 5.2982326 5.5057786 4.5693158 5.726566 2.0536124
4.7594731 6.702736 2.252515 5.2274292 5.0435241 6.821831 5.2452795 5.8412961 1.8511062 2.5856755 4.8733246 6.7168184 5.9818075 2.7702738 6.3179945 0.0 5.7112426 6.615833 3.9980279 4.6790484 3.2735975 3.5760715 4.8960348 1.5643385 4.0741453 2.2826822 2.9645191 2.3407122 4.3389949 6.2180801 4.3114435 5.2734326 4.0380141 5.2880197 4.9204209 3.8020697 5.5168755 3.4194042 1.8123036 6.217469 3.4830732 5.2522642 2.0333648 2.1043253 2.2297688 4.8235412 5.4377287 2.7915621 5.835635 6.0200231 5.1313289 5.4857015 4.6555389 7.4366863 3.7553566 1.8549106 7.233043 5.3194033 3.5575967 5.4886653 6.6816497 3.484584 4.9609326 4.4648658 1.2875733 4.3255139 5.3871742 2.7920229 5.0488517 4.6545855 5.708917 5.1583216 4.1581665 5.4274015 3.1701528 5.9428161 6.2191705 6.4682878 4.9454669 2.2384976 1.5152146 6.8308437 5.1374557 4.8388602 6.9876685 2.2934359 2.882832 5.0038657 4.9859644 5.0595128 5.5081244 4.8394821 1.4819791 5.6620857 5.9031521 3.0421503 6.1419375 4.92836 5.4168459 3.9611777 5.7319909 1.7800478 2.478157 6.8917159 6.5704917 3.2341111 4.9784384 4.1523036 2.43672 2.5629732 4.994978 4.4279534 6.6043646 6.1057081 6.6768064 5.5247033 3.0357859 6.6598935 5.2864308 4.2651621 2.4868401 2.9760796 3.8724262 4.8714288 3.9530096 7.1097929 2.7931124 3.7614524 2.9794223 5.1023831 5.1696552 3.4625514 5.3390371 5.2657581 5.3176849 2.9380315 5.1180048 5.5744494 5.1046252 2.7311395 4.2726497 4.7142865 2.6538293 5.2121781 6.7825048 4.9343701 6.5836665 3.5937353 5.5958091 6.9850329 6.5331521 4.0033691 2.4196905 2.5840131 3.478937 2.0274347 6.1814354 7.5414745 2.7985572 3.2420968 6.0947706 2.0592076 6.0353987 7.1521981 5.8703193 5.6695607 5.2254318 2.8399881 3.6912287 3.22498 4.2625595 4.1272242 4.7237331 1.8601738 1.4592539 2.3356074 4.7857875 6.4955144
3.2441544 5.8116619 4.8433869 2.9653165 6.800623 5.1452637 1.5698586 6.2398571 5.47002 5.4901138 5.2568237 7.6275794 2.8861305 4.70408 4.5987822 5.7112426 0.0 3.0327092 5.3444341 2.8122576 6.0912848 2.5145629 2.464684 5.161203 5.1062543 5.4351163 5.0202229 4.9218843 4.1691995 5.811686 2.8023546 3.2856717 6.0201798 3.3355764 3.9729668 4.039401 4.5145636 5.5471707 5.0151955 5.3542951 2.9985749 2.1543635 5.5774826 5.7411111 4.8049696 3.3576421 5.8588312 4.094726 5.7938742 1.6564624 5.478891 6.1126227 3.3382724 4.8464699 3.3000084 5.6764835 5.9899891 5.7714314 3.7349426 5.0938003 6.3603785 3.6607031 5.802154 5.5478668 5.5019345 6.8550833 5.526879 4.6861332 3.1899141 8.0862553 4.4452721 4.8608492 4.4881808 3.281286 4.3595433 3.7041681 6.5623539 4.8535029 7.0424042 5.4858397 5.8997156 5.0090557 6.2390807 5.0779301 6.720893 5.6003847 4.3758611 5.5413043 6.963149 5.964345 3.0116548 2.8846872 4.3834284 4.2373906 6.5122475 3.0807714 6.444158 3.3575684 1.4010647 4.6458024 3.4051822 5.547244 5.8981211 3.8720629 5.053905 5.2566125 3.3179002 3.8105253 5.9042423 4.5642566 5.0017351 3.1771042 6.6171197 4.7144643 4.4350581 3.0189721 5.2384573 5.9750042 4.2205802 3.0092829 6.0909853 4.6222263 3.087061 2.1699841 4.5683758 6.4918459 3.1416508 4.2889874 4.8538646 5.5605157 3.488108 5.6755039 5.696274 5.6423724 1.3373138 3.8973578 5.4779978 1.5139946 4.7626768 5.2564478 1.8213224 1.9629492 4.9152271 2.6198563 6.0464265 5.4606657 5.6575927 2.6645109 5.2071479 5.4770417 6.5933495 3.7840262 5.2567185 4.9305053 4.5620117 5.9145617 5.8054788 6.0474644 4.5275216 5.15975 3.0799723 4.4258163 6.0098771 5.4433845 4.1671357 3.2160087 5.1298233 5.0286302 4.9348219 5.0180196 1.6857973 3.7774429 3.6606023 6.0768805 5.5387986 4.7763341 4.2828778 5.440094
3.0011015 6.9318532 5.0998773 3.0309772 6.9705573 6.8735687 2.239768 7.2210553 6.2793 6.7733315 6.306151 8.3914667 0.9200916 4.6399079 6.0887094 6.615833 3.0327092 0.0 6.5132995 2.1187486 5.385204 3.5347595 4.2192973 5.8115774 6.720258 6.3317518 5.7778867 6.6205067 6.4233217 6.6926665 2.6638506 2.3648323 7.0467337 3.2189223 2.5057794 3.7724043 6.0198565 6.8488763 5.9545629 6.5098095 3.7537458 2.6070611 6.1790761 6.5931457 6.480839 3.2312614 6.9929868 4.9103064 6.7150832 2.2310972 6.8082253 7.0535412 2.9003362 5.3142786 3.0204496 6.3810859 6.8062145 6.8308928 4.7784447 6.8664894 6.86601 3.7028549 6.8902261 6.6489127 5.9007302 7.4566827 6.728897 5.3831736 2.9843516 8.4067877 5.6575488 6.9738755 4.6820705 1.7402619 5.4064049 5.5482942 7.5305015 5.5154006 7.1029901 6.3307933 6.8661227 6.2697342 7.5497324 3.6514867 7.5357547 6.798698 6.3990312 7.1509324 7.1400507 6.8535194 1.5486322 2.4574957 5.5044242 2.0874188 7.9462194 3.748934 7.4261357 2.9133044 1.8722069 5.5397849 1.4699452 6.0470684 6.1580598 1.758304 6.2549731 6.5863498 1.9924792 5.4158252 6.9789211 5.559146 6.4817715 2.4269584 8.1676247 6.4816483 1.6948836 2.28015 6.8760693 6.5604683 2.8546017 2.7382971 6.8035387 5.837836 3.3838572 2.1238341 4.4062069 7.2184451 4.4662651 3.6698217 5.7317161 6.4799004 2.2275843 7.0446326 7.2410833 6.8578532 2.3802324 4.1052591 6.7969441 1.8026613 6.5965874 6.5543791 3.2217608 2.974228 6.3439547 1.8215744 7.0957323 7.4722225 7.3695816 3.1835614 7.0083776 6.889224 7.5293504 3.0523773 5.7135232 6.6066909 5.6913486 7.3207595 6.6611318 7.0867253 5.7448871 6.727528 5.4255655 4.9223831 6.7963184 6.7940377 3.4586724 1.9054966 6.8184241 6.5541017 6.5049524 7.0006683 3.168845 4.3769697 2.4320453 6.9530015 6.1269011 6.3110377 3.06302 6.1196129
4.7480065 4.2916172 4.8608541 5.6621876 5.63604 7.9182023 4.9395597 3.5203729 2.9451605 2.3772522 1.7945967 3.8533428 5.8769761 4.9602134 3.9678529 3.9980279 5.3444341 6.5132995 0.0 5.3726739 5.1331163 3.5136933 5.0612373 3.3809826 1.8602278 3.5285106 4.0488999 2.9799686 3.6818614 3.0780625 4.4560357 5.5098625 3.8004819 4.7910639 4.9612008 4.7384143 2.5556036 2.1163139 4.1779463 3.7570331 4.6145205 5.7731399 4.4084056 2.3459579 3.3861318 5.1148676 1.9665623 4.7162819 3.3611699 5.6879466 2.5508435 2.408212 5.3461503 5.7633634 4.8287941 3.6132245 4.4280226 2.6466405 5.2632666 3.0100586 4.1432749 3.3094354 3.3096443 1.275957 3.8024664 2.4593122 2.4409093 1.9428323 5.818419 3.9317005 6.5034398 4.864536 4.156841 6.0328389 5.3032926 7.1228477 2.8416639 4.5307446 6.6364842 3.8874402 3.5017032 4.2815223 2.2678279 5.7755238 4.4548314 3.7699222 2.9050297 5.3867324 6.7782182 5.9296603 5.4869345 4.9339526 3.2957638 6.1345189 3.2742391 4.0451692 3.3724836 5.6921893 5.1692071 4.3031975 6.1808843 3.4887305 3.0400529 7.0902537 3.6066237 2.452577 5.0238126 1.8399673 2.2212623 4.2457856 2.8636261 4.522733 4.6570512 4.4877515 7.079544 6.0248435 2.7536138 3.8221696 5.8444574 3.95727 3.6521915 3.81435 4.7183257 4.979679 3.9499516 4.4284313 3.586232 4.2591201 4.691899 2.9090431 5.8055479 3.2775952 2.7338946 1.9264388 5.09222 3.4176035 3.0323936 5.2662934 3.188542 4.0153717 4.1871936 5.3132286 3.7222699 5.3434485 4.1602046 5.1487959 4.2871174 3.9324981 3.1360968 4.787052 4.0023354 4.5946953 5.0052372 3.6859724 4.7357742 4.9032477 3.5091832 5.1242609 2.457223 2.1850406 6.3869995 3.6372139 2.9717076 5.226209 6.0900049 6.0023861 2.7275172 3.0808963 1.6405408 4.4199365 4.109527 4.763315 5.2298669 3.0659436 3.0773086 3.566566 5.4870978 3.5125755
2.0478371 6.1807099 3.0201277 1.9403358 5.3185193 5.6815685 1.7489479 6.1307699 4.4265074 5.098116 5.2697265 7.4220867 1.5625152 2.5938829 5.388718 4.6790484 2.8122576 2.1187486 5.3726739 0.0 3.7511313 2.0345572 2.946557 3.8771405 5.6455119 4.3999824 3.8534311 4.8742897 5.0853157 5.9646847 1.1550272 1.5726591 5.3639915 2.3115256 1.8427253 2.0340032 5.2291685 5.3428458 3.9533183 5.6774731 1.7799226 1.5244208 4.1247117 4.9290938 4.6666377 1.9780177 6.0603468 2.9394072 5.8054012 2.1726958 5.7073773 6.0641007 1.3849531 5.0612296 1.0208249 4.4351577 6.3255646 5.7518244 2.8757379 5.8275769 6.1210308 2.3441517 5.5799834 5.5247156 4.0058438 6.0758444 5.737092 4.0433812 1.5156805 7.2230803 4.6768775 5.7015319 3.1261718 1.0553563 3.3831241 4.4460533 6.6806043 4.9012934 5.3661752 4.345933 4.9223826 5.7243816 6.3593855 2.5988695 6.7181257 4.9337948 4.8769273 5.5143856 5.3052047 5.6813112 1.2405782 1.1469192 3.664516 1.9262367 6.8185192 1.8085238 6.4576664 1.800534 1.6669023 4.2588254 1.2549992 4.2891121 4.6217103 2.3868586 5.7389021 4.9630848 1.1879203 4.485716 5.3900149 3.5737154 5.5046174 1.2412112 7.0518406 5.5290639 2.4274029 1.6834375 5.2083785 5.9427682 1.7768023 1.7670256 4.8997997 3.9571501 1.4279381 0.9171943 2.8698338 6.5381664 2.6519214 2.4429489 3.7173521 5.3230359 1.0521963 5.3561696 6.1074833 5.8771511 1.7847902 2.6130918 5.626427 1.6755786 5.4339116 4.6174318 1.9432093 1.6441374 4.4968048 1.0697219 6.3555037 5.9120722 6.4829156 1.5242344 5.9847103 6.2127572 6.5910381 1.4838594 3.6224742 4.8535594 3.7843167 5.40926 5.8284908 6.5275595 4.0595051 5.1751334 4.4900371 2.9585659 5.9805876 6.0875351 2.7467214 1.4247197 5.7309168 4.8175165 5.1558125 5.2397243 1.9587238 2.6400057 1.1807572 5.0982061 4.3064117 4.4465043 1.8344654 5.5999353
3.859582 7.0086097 2.2436759 4.5700543 4.552455 7.8822545 4.9396815 6.3246805 3.2264406 4.5246154 5.4868576 7.0425937 4.7301787 1.9821314 6.896403 3.2735975 6.0912848 5.385204 5.1331163 3.7511313 0.0 3.8697439 5.4735619 2.6552001 5.8732361 3.4727151 3.5809077 4.8352884 6.3200394 6.4824981 3.6710463 4.0115264 4.9850565 4.4557731 3.1374605 2.6598792 6.3306558 5.0280498 3.2426242 6.6256181 3.6854159 4.9673186 2.839326 3.5127471 4.7162711 3.9557771 6.2220352 3.3559254 6.067217 5.6449184 5.9594697 6.0694426 3.6098809 7.1037961 2.9095874 2.9574787 7.2286461 5.8588077 4.3202768 6.7464141 6.5200568 2.9005027 5.7452716 5.4282022 2.1075934 4.7629688 6.0464973 3.509348 4.2847553 5.0486977 6.1754383 6.7160084 3.5327508 4.0401925 4.1019598 6.8544239 6.7437084 6.3605521 4.2763676 3.4550247 3.4990812 7.189327 6.1905162 2.404712 7.1864573 4.3736547 5.3539013 6.3118137 4.6197517 5.6287106 4.206393 3.9075303 3.3479501 3.8022515 7.0270022 3.2271572 6.6473955 3.9549794 5.0821268 4.4236345 4.2195646 2.5422337 2.6100857 5.3046461 6.9248345 4.7654983 3.5737178 5.3945932 4.1631953 3.5336446 5.9517186 3.3578292 7.7153331 6.9545266 4.6902635 4.5127778 5.152653 6.5594032 3.4600246 3.530405 3.4148801 4.1428996 3.481029 4.3027539 2.9008757 7.1687631 3.8162471 2.3493266 3.723154 5.5406536 3.714061 5.1441973 6.449108 6.0444767 5.1730901 2.678758 5.8972864 5.1594661 6.4480385 4.4151442 4.523316 4.8115598 4.5780852 4.2239709 7.061373 6.8546693 7.6692301 3.5037381 6.9208668 7.4761796 6.9161174 2.5518226 2.9257423 5.0204862 4.4068571 4.8818248 6.3843243 7.8356518 4.0601628 4.990555 7.2154534 2.4213293 6.2377915 7.5811611 4.5495426 4.353882 6.4983288 4.8260916 5.2057467 5.7427469 4.5761913 3.9907539 3.1132502 3.5133117 2.6763109 4.3633466 2.8633759 6.4827853
2.1715653 4.8874838 2.8112833 2.5763845 4.9082929 5.5517568 1.8381527 4.7267297 3.0784562 3.4105114 3.5914197 5.9864098 2.8943564 2.6909544 4.0283719 3.5760715 2.5145629 3.5347595 3.5136933 2.0345572 3.8697439 0.0 2.3581197 2.7495124 3.7654922 3.1740387 2.9290202 3.1462868 3.3991926 4.5266925 1.3858715 2.579392 4.0899934 2.3592683 2.627194 2.2302125 3.533486 3.6075792 2.9653653 4.3234471 1.4873805 2.3717986 3.359044 3.4042325 3.066073 2.3272888 4.348216 2.4071173 4.4047695 2.6225009 4.0102932 4.4840871 2.2815647 4.6480494 1.7162695 3.3159991 5.1450638 4.1737082 2.6128958 4.0838119 5.018455 1.4437227 4.155339 3.7666301 3.1301832 4.6200365 4.074294 2.4897264 2.5816883 5.9732967 4.3939676 4.3056575 2.5741034 2.8431974 2.9769261 4.3753735 5.0972436 4.0519689 5.3067022 3.2715022 3.6176417 4.4753903 4.58476 3.5446199 5.4974233 3.6336149 3.0203096 4.4890175 5.2919953 5.0017822 2.5133264 1.866179 2.2635994 3.453247 5.1330925 0.9999009 4.9885651 2.6762401 2.0282564 3.2942313 3.058696 3.2277085 3.5213431 4.0332976 4.3303015 3.2721602 2.2424771 2.5902529 3.7345839 2.6335308 3.8223782 1.7587234 5.5900505 4.1879196 4.2039783 2.8670066 3.4512624 4.7631153 3.0842464 1.4615239 3.7486208 2.7205712 1.5575308 1.652603 2.4319411 5.3674595 1.1453804 2.40445 3.0150255 3.8914983 2.688651 3.8240453 4.3428643 4.1274289 1.9042611 1.7087023 4.0264902 2.139659 3.7346884 3.3681161 0.9479794 1.9428684 3.1214547 2.1867709 5.0306507 4.6192762 4.9839459 0.6370291 4.2488548 4.956354 5.2479751 1.9913475 3.2664958 3.3509697 3.0011877 4.3084009 4.5014688 5.4435902 2.3698639 3.314602 3.9981161 2.0328733 4.5508918 5.0066875 3.4942996 2.8859964 3.9648035 3.1964147 3.2190364 3.8131812 0.8600168 2.3127705 2.3941434 3.7122124 3.1005247 2.9463186 2.8820906 4.3645574
