0.0 580.0868563 640.7597119 60.1823529 680.7924714 595.1333874 235.025542 540.86798 551.3263058 581.1988004 281.5381614 646.1485507 390.0506089 401.1363483 310.4044631 782.668729 175.5889774 620.0889093 610.2718932 206.4035959 559.435518 49.3100882 325.0388061 389.4369922 380.4021546 735.6383579 708.7451692 565.7448752 453.2759583 445.9424883 137.3010277 90.0059876 481.5577324 21.4891926 25.9558934 175.3507679 380.1911448 566.3050877 715.2899366 310.5075548 216.1668698 225.7269224 770.5973951 498.9243166 626.7478733 215.019094 365.8116674 174.9223828 205.1482849 220.0414484 530.2075115 480.9602923 265.0041117 400.6633775 30.3146285 748.4653035 225.1149475 230.6378872 650.8491831 490.1906412 580.7531167 226.2874139 546.0419313 411.3404724 632.8701325 689.0601023 385.2096629 430.6808362 126.1802306 540.8892968 130.7192316 435.3480689 380.3079752 450.1921019 380.7949977 79.1122165 590.8995427 441.0432673 498.1540354 682.8227548 565.941227 365.1749106 550.4593644 93.7885249 336.0169652 437.7243496 705.1540369 695.2752182 680.9837881 343.6118362 200.2775779 15.2313722 610.3087964 94.1164927 341.3058578 50.6068523 540.8836526 280.1161511 250.0785976 310.5460133 130.225466 350.6463168 668.7696975 420.0378453 220.0877232 573.0516828 231.0596222 310.1257661 632.3591135 540.5478033 430.0355228 261.6131816 545.5352668 635.0751576 487.2889358 10.3928052 610.8747443 385.5674648 16.9427064 221.2027593 497.0039144 622.3486647 141.214904 210.6112355 37.7119848 320.8953474 382.5334653 21.3005587 435.5855079 510.6940038 38.9527573 745.5568562 500.4683197 420.3000841 70.1679207 44.7932528 460.1992376 315.0162794 470.3801217 718.6835483 36.0425554 145.456235 675.8924232 455.1679056 510.0750886 594.7034728 181.5716137 71.422472 540.4678304 560.0889968 436.2294822 33.3344956 654.7040918 431.9453284 597.2927867 653.8719434 410.8760511 500.5745331 588.8713344 560.0519002 230.2540451 347.4924576 376.2534652 430.1536559 300.19491 225.2279567 460.5620894 381.5746192 190.6795424 499.0126874 180.1867678 290.4626265 25.0508403 645.8165692 551.4665477 715.1079876 76.9093141 400.956246
580.0868563 0.0 65.4749044 640.038075 103.7291001 19.0796777 815.0875371 46.7917033 44.6414247 32.3465933 300.9361886 72.7760915 970.0389312 181.7778155 270.1130478 203.8800275 755.2944947 1200.0276893 33.1593863 785.2452248 41.6251523 625.2076673 255.1678742 194.0717702 200.545064 157.1099427 130.8272533 27.9746939 127.5404779 136.792407 715.308098 490.1029311 105.3392258 600.0438108 565.2944637 405.1154015 200.1393582 36.2347099 136.0211414 270.2142655 365.4422221 805.0985915 191.7634728 85.9425913 52.5433669 365.1422853 215.8145901 406.2341986 375.0286193 800.0620124 50.9664978 103.0095428 315.1484595 180.6029396 555.1902807 169.4272986 355.1010508 350.2128617 75.1731162 90.3604438 23.2859829 805.24886 44.6377508 172.2821282 59.4842845 113.0500531 195.2051862 151.3092978 705.1204996 48.8951419 459.8200807 146.9032566 200.3752971 1030.0501208 201.0138722 505.8512735 28.006876 141.895101 82.6597768 105.8578301 31.4236869 215.0092751 34.5669148 670.3854571 245.7677082 151.2612624 125.5525129 115.8829211 104.7890385 241.377698 780.03428 580.1050239 34.0464022 670.4475563 241.2136209 535.3382904 46.8892472 300.4545536 830.0263458 271.2740966 710.0677864 230.6665199 92.1979251 1000.0275597 360.0986881 30.1134239 810.217511 270.172052 54.9300382 44.8247811 150.5419875 840.3569856 39.1511711 55.3927784 1067.1069912 585.2628421 40.3949019 195.5373601 585.1586911 800.223062 88.2354759 45.0637682 440.2144334 790.1006627 555.4897764 260.5981717 198.6464055 570.2721383 146.1234273 73.1579114 615.1734268 166.6696466 81.4036762 160.306149 650.031648 540.2728279 120.2957381 895.0346147 110.7333653 140.3814015 615.0507421 435.0949889 99.3935591 1035.0335109 70.0348435 26.5182032 400.3276356 510.1398879 43.2607374 23.0360196 147.3630334 555.3056928 78.4253562 154.076124 22.0725599 78.407346 171.1933536 81.6672964 27.3280369 22.0218119 350.3042917 235.5760429 206.4189928 150.0639977 280.6776384 805.0461194 121.2328532 202.119171 390.1867372 85.9630694 400.1140158 290.2749839 565.228412 70.6268702 45.9049006 135.3605352 505.190654 181.242119
640.7597119 65.4749044 0.0 700.6062873 40.4258123 56.1173556 875.6651789 100.1581529 90.3065573 60.3967185 360.0312893 10.5349419 1030.3148833 240.0036123 330.5847182 142.0252615 816.2440521 1260.1863701 32.9256131 845.0341416 82.6017675 685.0910967 316.5345891 252.0252287 260.4156639 95.0780963 68.0632243 75.22115 187.7097749 195.1586557 775.0303566 550.8867256 160.2373533 660.4467592 625.1059277 465.4362077 260.8085892 75.413823 75.8351831 330.4068438 425.1022846 865.1229159 130.0470023 142.0456529 14.3826458 426.0135132 275.1282366 466.2175838 435.756202 860.6383196 111.38434 160.0716121 376.215593 240.5001595 615.1680415 108.1425837 416.378076 410.3028952 11.8841786 151.2865893 60.3850271 865.0328481 95.1637478 230.0402426 8.9899499 48.7593724 255.7447411 210.1364921 765.1317543 100.4511792 522.4187413 210.3670324 260.5155519 1090.1520381 260.1064815 567.496764 50.4720892 200.194905 143.4501035 42.1618323 75.1059891 276.1772056 90.5559523 730.0538954 305.1406979 205.7839863 67.2471531 57.6710577 40.5517953 304.8181018 840.2778715 640.2061027 32.4309698 730.0563058 300.0614264 595.0576712 100.2206166 362.126488 890.359111 333.6541431 770.396704 290.1852596 28.2592374 1060.3290478 421.3405365 68.2190853 870.0618465 330.8216922 13.4734405 100.2767037 212.9257911 900.0097746 95.7771157 30.4073708 1127.1284246 646.253554 30.3138153 255.3410705 645.1897722 860.0433663 144.0695384 21.358654 500.1744509 850.1378792 615.0154848 320.1734115 258.2397531 630.1844632 205.2118133 130.1971693 675.1606461 105.1367272 140.5789828 220.6352535 710.5580318 600.1134532 181.0639641 955.415768 170.6883186 78.2506958 675.3945749 495.407974 35.3750265 1095.1685895 132.7614824 47.3085764 460.2047243 570.2598142 100.6931979 88.0549209 205.1018681 615.0772091 14.4298441 210.2763066 45.5312245 13.7843825 230.1365199 140.5561731 52.3071267 83.9050314 411.7150963 294.0068627 265.0992989 211.6593331 342.5312094 865.262569 180.2801647 260.047646 450.3017292 142.2097774 460.5910519 350.33553 625.1125772 6.0266823 90.474812 78.0230081 565.1866883 240.1270722
60.1823529 640.038075 700.6062873 0.0 740.6292324 655.0640759 175.1064316 600.6665619 611.0738123 640.9765024 341.0890536 705.9392897 330.0689414 460.8629092 370.2050382 842.5469686 116.1216414 560.0788575 670.2084816 146.7001186 619.1935772 23.6901963 385.0122924 449.0878051 440.3021983 795.5067453 768.5912346 625.5612422 513.1794 505.6940155 78.5914474 150.0749313 541.2243535 40.4465104 77.6620538 235.2029987 440.1070704 626.0496229 775.2223138 370.2930882 275.7430387 165.6949725 830.4882885 558.7248098 686.5845379 275.0584851 425.589197 234.5095474 265.0747785 160.0545495 590.1334519 540.7402591 325.0307349 460.4282267 86.4461376 808.3676188 285.0847242 290.3711435 710.6540464 550.1048047 640.5868663 166.5192358 605.8068738 471.0432587 692.718761 748.8923892 445.1338127 490.5118413 66.745298 600.7621751 188.7411977 495.3521966 440.21308 390.1645699 440.5693424 137.3087972 650.7138503 500.7675139 558.0927794 742.6583208 625.7397192 425.0741647 610.3434121 39.287316 395.7028578 497.1685364 765.1073787 755.1719431 740.7957742 403.5597205 140.2910289 61.4202027 670.2329316 40.1390907 400.9482348 107.1492011 600.6719171 340.1788569 190.0768082 370.6016257 70.4991645 410.4676517 728.6366829 360.0379981 280.0639211 632.8239175 171.2814432 370.0895151 692.2868101 600.4207857 490.0584925 201.8670468 605.3694278 695.0235163 427.3180123 56.3184162 670.6841945 445.4009188 56.9887471 161.4255448 556.7872803 682.2493989 200.6439491 150.7010813 88.9583206 380.6161492 442.3790573 72.4419229 495.4187291 570.5243042 29.7088219 805.432643 560.3116167 480.1905333 10.1335137 101.7722295 520.1118813 255.0261694 530.2356228 778.526543 25.8612993 205.2102924 735.7098608 395.1301822 570.029824 654.5012659 240.8680504 130.6192907 600.3228277 620.0622686 495.9304577 87.4572433 714.5670601 491.5067797 657.1906436 713.6931526 470.6302899 560.3919634 648.6661253 620.036934 290.1600302 407.1195681 435.9357339 490.0582991 360.2840857 165.2423895 520.3992406 441.1853162 250.3796629 558.7478404 240.1361599 350.297439 77.2737368 705.6556319 611.1896941 775.057467 135.9083846 460.7032448
680.7924714 103.7291001 40.4258123 740.6292324 0.0 91.6444636 915.6892063 140.1448804 130.2368896 100.2703221 400.0491002 35.8158694 1070.3512495 280.0744158 370.5725659 102.157453 856.2550875 1300.2183695 71.7922802 885.0622035 122.5614789 725.1222476 356.4593938 292.034762 300.4764092 55.1557404 28.3696634 115.1694634 227.6762515 235.1770767 815.0614083 590.9180022 200.103467 700.4598289 665.1539768 505.4787811 300.7810255 115.2585815 37.4062174 370.3932895 465.1292858 905.141366 90.1458113 182.1011895 54.3179528 466.0248638 315.1795319 506.2470621 475.7655003 900.6601846 151.1624745 200.0784854 416.2265 280.5121309 655.2042222 68.4675186 456.3454085 450.3014702 30.5416339 191.1102022 100.31936 905.057275 135.0524069 270.1001435 48.535316 11.9129551 295.7280114 250.2041754 805.1590831 140.5592854 562.1851008 249.6982984 300.5189071 1130.1763269 300.1480465 607.3920652 90.4389699 240.2405505 183.2452709 4.4696085 115.1001203 316.1152828 130.5101536 770.1025597 345.123987 245.5787843 31.286267 22.5719826 4.6132635 344.2619548 880.317496 680.2390602 71.455412 770.1017781 340.0352089 635.0906263 140.117359 402.068293 930.3945052 373.4590651 810.4449591 330.2325266 14.2888838 1100.3623141 461.3251571 108.1157495 910.0946775 370.8452584 49.7808387 140.3663891 252.661823 940.0349208 135.4675208 54.6100055 1167.1671313 686.2720378 70.175914 295.3873538 685.2183067 900.0718779 184.0467337 59.3379777 540.2034855 890.1715933 655.0232345 360.1616641 298.3055092 670.2403907 245.2388558 170.1426948 715.2048795 65.2250972 180.5026064 260.6630898 750.585903 640.1566452 220.9493408 995.4474124 210.5983998 38.4117261 715.4207085 535.4353279 7.1940948 1135.1948117 172.2958865 86.5891523 500.1910661 610.2955012 140.5151558 125.7989404 245.0711019 655.1168016 26.4805759 250.1913196 84.3828081 27.4644698 270.1544604 180.4540194 92.153268 122.8914293 451.6333347 334.0380972 305.1324896 251.4570102 382.4192089 905.3016641 220.2761551 300.0369452 490.3218297 182.1261829 500.6341179 390.3494285 665.1629613 35.3465783 130.3679435 41.5840871 605.236388 280.1733062
595.1333874 19.0796777 56.1173556 655.0640759 91.6444636 0.0 830.0829701 63.8189799 60.4715379 42.432464 316.5894716 64.375486 985.1206656 197.7218898 285.4349076 190.191386 770.1701952 1215.116121 27.3285967 800.477294 56.9449155 640.4423129 270.1291748 209.9811375 216.1912066 143.6837785 117.9740204 42.4646582 143.217198 153.0682034 730.5751859 505.160953 121.7358928 615.1421824 580.6136423 420.3394885 215.5797718 50.1209288 122.3464196 285.6200343 380.8126345 820.22563 178.1068191 102.4887784 44.7334718 380.259457 231.6373744 421.4737778 390.2358259 815.0528286 67.4587459 119.5924964 330.248101 196.3506264 570.4219765 155.7312929 370.1708424 365.5244254 64.3779799 106.1402737 35.350546 820.4729749 60.9688273 188.4984085 51.9755058 101.7772735 210.7161532 167.2925991 720.2984139 65.9971787 474.0764975 160.9597226 215.914264 1045.1518966 216.6557354 520.4007354 35.2514878 158.1719786 98.2776577 93.8074523 45.6120488 230.3194584 51.7332398 685.7285851 261.4615285 167.5065503 111.54208 101.6121818 93.1229741 255.3436637 795.1649016 595.3052223 27.593829 685.7963268 256.954243 550.6407369 63.738053 315.3434853 845.1117067 285.8786526 725.1956326 246.2725854 81.2069695 1015.0924872 375.1520088 42.6094309 825.4474541 285.4318514 45.0960952 61.4872418 165.454064 855.624572 55.5170577 40.5348985 1082.266171 600.2024045 37.1748248 211.4037845 600.3845072 815.4480536 104.6651083 35.3199674 455.4777399 805.2691839 570.8352377 276.2478181 214.3139447 585.5749474 161.9106442 89.8073566 630.4084756 153.0006353 97.5465192 176.0305982 665.074103 555.5646318 135.9135192 910.0863672 126.4815311 127.00955 630.1481773 450.2658294 87.6410743 1050.1274135 85.7382517 27.3864602 415.6223727 525.3519962 59.7488987 35.9868545 163.6334046 570.6155366 67.6395476 170.1683834 19.5506624 67.8065838 187.1874237 98.061082 33.4212283 37.6263671 365.0707763 251.3937877 222.4666076 165.302019 295.5614924 820.1641791 137.2654341 217.9968197 405.4399647 101.9934518 415.3161033 305.6588899 580.5250157 60.840724 61.6566249 120.7704649 520.4711688 197.3026173
235.025542 815.0875371 875.6651789 175.1064316 915.6892063 830.0829701 0.0 775.7222658 786.0762226 815.9907305 516.0067884 880.9700736 155.2968863 635.8639245 545.2974569 1017.6094695 61.0394053 385.2432543 845.2668672 40.3879264 794.1723195 191.3956311 560.0204042 624.0524012 615.3387228 970.5736629 943.6604137 800.6260439 688.2465124 680.7423425 103.8621365 325.021663 716.1997354 215.2452796 251.1799287 410.2424642 615.1719795 801.0631154 950.2837213 545.3730468 450.7036445 22.9723899 1005.5481317 733.7521201 861.6474863 450.0359657 600.6205946 409.5152261 440.1197462 15.3305512 765.1995348 715.7716526 500.0218115 635.5145673 260.7745055 983.4344838 460.0513278 465.4144289 885.7250747 725.1753416 815.6468996 28.8507383 780.8511957 646.0132198 867.7541517 923.9177249 620.1912352 665.5520137 111.8276808 775.7489466 360.3625351 670.1499703 615.2675743 215.6015204 615.608649 310.7784465 825.765627 675.8143692 733.150468 917.7178875 800.7821676 600.1426103 785.4081006 147.9966337 570.7281979 671.9775423 940.1609239 930.24604 915.8467863 577.7919513 37.5663573 235.6989217 845.2923975 148.2198111 575.9194553 281.2101582 775.7286741 515.028776 17.673036 545.2248681 105.5739286 585.4993868 903.6825354 185.2047524 455.03765 807.8680209 25.6865257 545.1209765 867.3404226 775.4782188 665.0093552 40.6573733 780.4495196 870.0572588 252.7996116 230.0915992 845.742341 620.4597673 230.7978135 30.0506256 731.8068254 857.3202244 375.6002163 31.4573823 261.8530435 555.6410075 617.4338786 245.9849735 670.4785748 745.5776349 201.019364 980.5051824 735.3954038 655.2662467 165.1415166 275.9760386 695.1813583 80.242265 705.3184839 953.6029913 200.3116627 380.2635185 910.7702345 220.528285 745.0739587 829.5855165 415.8204347 305.4784145 775.4002657 795.0418656 670.9412275 261.2061175 889.6209833 666.4308748 832.2649463 888.7500068 645.6794779 735.4768638 823.7293498 795.0603555 465.0730875 582.0579685 610.926431 665.1201988 535.0681798 16.6335715 695.4643357 616.1353551 425.4081142 733.7997796 415.1532448 525.3493034 251.0736744 880.7073287 786.1825418 950.1084985 310.6542461 635.7360844
540.86798 46.7917033 100.1581529 600.6665619 140.1448804 63.8189799 775.7222658 0.0 13.9747451 41.0953501 260.0207517 105.3738146 930.3375251 140.1281845 230.6649711 242.0997949 716.3672162 1160.1907086 71.2195984 745.0477965 22.0122375 585.1106755 217.1282969 152.1362978 160.6911248 195.0960861 168.0911452 25.8156387 88.4004333 95.0678205 675.0517687 451.0443628 60.7675094 560.4901662 525.1468825 365.5443754 161.1455181 26.7868345 175.3912387 230.4379769 325.1479091 765.12541 230.1007245 42.5027164 86.194903 326.2817494 175.1288246 366.2760418 335.8700868 760.6852878 19.0866079 60.0685542 276.6021273 140.5580695 515.2130223 208.1338094 316.6357636 310.3400458 110.2453849 53.2052338 40.0987119 765.0486801 6.8070772 130.1273922 92.3661962 148.3659954 156.0843106 110.3202398 665.1451572 12.2881243 423.5661201 114.7721138 160.7930956 990.1608423 160.2439949 467.9109543 50.1470178 100.1387687 46.503144 142.1478283 25.9153005 176.5476143 13.2195953 630.0845589 205.0713371 106.7732214 165.87612 155.8434795 140.2591156 207.9095977 740.2920909 540.2276429 71.1881395 630.102844 200.0437687 495.0860161 2.6107087 262.8541449 790.3815823 235.1032594 670.4468768 190.315367 128.1974676 960.3458819 321.6062451 32.6855779 770.0820882 231.1499548 92.6877845 8.9936366 115.2603909 800.0267174 10.74263 99.169095 1027.1458024 546.4424402 70.2102599 155.3753478 545.2235696 760.0571192 44.5603288 82.7907815 400.2062272 750.1525653 515.0260892 220.1247501 158.4096919 530.2479367 105.451798 30.5099082 575.1986491 205.086825 41.434558 120.9690072 610.611807 500.1565816 82.0499037 855.4433888 71.3237934 178.1469147 575.4435361 395.4916089 135.1907441 995.1722032 39.1145421 54.9222287 360.1639561 470.3156711 10.0667125 40.47466 105.0270132 515.1091455 114.2108436 110.6734616 58.7749453 113.2431552 130.0704555 41.0143707 48.3527217 31.8234112 312.1535617 194.0853706 165.0312125 112.6717218 243.4767176 765.2865333 80.474755 160.1434188 350.3616743 42.7053533 360.7415184 250.4381041 525.1369827 105.209769 14.9414591 176.2595529 465.230786 140.0703102
551.3263058 44.6414247 90.3065573 611.0738123 130.2368896 60.4715379 786.0762226 13.9747451 0.0 30.0574666 270.1717554 95.1296247 940.5627412 150.2419602 241.4313836 232.0827021 726.868824 1170.3541413 63.36186 755.1383519 9.6221048 595.2754373 228.2060087 162.086551 171.3340535 185.1937777 158.1433223 18.4791531 99.7087945 105.7365159 685.1337326 461.5924862 70.1221969 570.8552285 535.3049315 375.9844543 172.1785832 15.1638188 165.9898506 241.0929478 335.3884019 775.3001014 220.1559808 52.6327921 76.4683595 336.9636682 185.5818534 376.5961058 346.5261726 771.0488867 31.4265572 70.5649396 287.4290081 151.5306154 525.4298096 198.3669985 327.5430413 320.7760591 100.3869274 65.5467985 32.0161709 775.130468 8.4290806 140.132143 82.217202 138.0529786 167.0710391 120.8349138 675.3347842 15.6018044 434.807499 127.0856506 171.5798587 1000.3195309 170.5907055 478.7813548 41.0506795 110.7659781 58.693348 132.117472 16.3385648 187.7882621 16.3522537 640.1617681 215.5021025 115.5409213 156.8535747 146.8843586 130.0755365 219.8000758 750.5489364 550.4936089 62.9583918 640.1527889 210.240844 505.2260118 14.1645155 273.9288846 800.654175 246.4880084 680.7421267 200.7289859 118.2055557 970.579866 332.4784173 22.6548383 780.1825101 241.8889508 83.8100764 17.2955428 127.1643354 810.0609506 18.407417 92.6419187 1037.2707423 557.0080661 60.3835996 166.1563186 555.4570459 770.1536399 54.5235069 74.2564745 410.4983618 760.3291614 525.1026034 230.5816257 168.9754456 540.4298555 116.1269667 41.9711591 585.4008341 195.2829114 53.4807788 132.1096272 621.001582 510.3315969 93.7727082 865.7177083 82.9135441 168.2875055 585.7716005 405.907861 125.1201087 1005.3447758 52.3544086 46.6056488 370.508388 480.6067369 20.4674522 44.8206493 115.3193756 525.2582566 104.3472362 120.1318376 51.7045056 103.1769349 140.6534397 53.2346701 38.9908194 33.5929665 323.0719418 204.0909954 175.3390818 124.4962754 254.6622985 775.5219533 91.473224 170.0711295 360.7413054 53.0916104 371.2369006 260.9432515 535.330356 95.208946 2.6547128 167.40152 475.4884715 150.5665265
581.1988004 32.3465933 60.3967185 640.9765024 100.2703221 42.432464 815.9907305 41.0953501 30.0574666 0.0 300.1348182 65.2062252 970.5164441 180.1757339 271.2101372 202.0701658 756.7318304 1200.3276359 35.7412143 785.1202417 22.8431915 625.2363059 257.7004166 192.059615 201.0221092 155.187042 128.1605162 18.0192397 128.9151977 135.5550416 715.1132515 491.4269103 100.0998342 600.7677706 565.2617503 405.853223 201.7347397 15.226316 136.0826749 270.9108089 365.322001 805.2705722 190.1391932 82.305043 46.6311945 366.7112766 215.449712 406.5070066 376.3311433 800.9664198 55.1723028 100.3388758 317.0958622 181.2507669 555.3730392 168.3671173 357.236623 350.650321 70.5428614 93.5491716 10.8715822 805.1097451 35.6085116 170.0843667 52.2403273 108.0569119 196.6298884 150.5838481 705.2971258 41.4266702 464.1280223 154.4142846 201.2406768 1030.2903831 200.4419968 508.458131 13.6285284 140.6114974 86.1013229 102.127414 16.036022 217.3021042 33.7441773 670.1408906 245.409097 145.5129733 127.1039386 117.2120476 100.1061072 248.0917548 780.5015414 580.4367407 35.0260532 670.1307465 240.1743238 535.1896839 41.1545769 303.402187 830.5981524 275.5759293 710.6730686 230.563961 88.2201785 1000.5359435 362.1794976 9.5083016 810.1588864 271.567188 54.4872994 42.105578 155.5207327 840.0514081 38.9154352 65.7565784 1067.2456921 586.8318621 30.643753 195.9204361 585.4008337 800.1322029 84.2440449 45.4161546 440.430717 790.2934807 555.083992 260.4745009 198.7479562 570.3715147 145.8028371 70.9962753 615.3523736 165.2884624 82.0548804 161.6031154 650.9106359 540.2805604 122.6622081 895.65911 111.9848512 138.314381 615.6896064 435.7923651 95.1486138 1035.315359 77.3870842 20.4605279 400.4467474 510.5270954 43.4863576 47.306749 145.2471814 555.2198275 74.382104 150.1343062 26.7825055 73.1952977 170.5030399 81.9650987 11.61756 36.9203155 352.7007844 234.0641645 205.2834199 153.4641225 284.0068883 805.4738332 120.9950859 200.048787 390.6262986 82.6484809 401.0727489 290.7806218 565.2904457 65.2099525 30.3065405 137.7363946 505.426192 180.4485866
281.5381614 300.9361886 360.0312893 341.0890536 400.0491002 316.5894716 516.0067884 260.0207517 270.1717554 300.1348182 0.0 365.1225051 670.4241969 120.1029483 34.455435 502.0298035 457.0384644 900.2231812 330.2051197 485.0464933 278.2912836 325.1437198 53.6414038 108.1367838 100.8486981 455.0226971 428.0305683 285.0420287 173.5917783 165.0662655 415.050445 192.2731846 200.25321 300.8257487 265.2138777 106.6332654 101.6141452 285.1607838 435.1156142 32.9298968 65.4809323 505.1634361 490.0255407 218.0387562 346.0285572 70.6238989 85.1829484 106.7663004 78.5278148 500.9727133 250.4538746 200.0073711 32.2352773 120.7053421 255.3334342 468.0290439 63.3368353 51.7179456 370.0686498 210.6993208 300.0272924 505.0416205 265.051272 130.1017406 352.0693879 408.127259 106.3858745 150.1222262 405.1986292 260.2080128 173.2092619 161.4493549 101.0605497 730.188284 100.2503077 211.2902674 310.0465396 160.1561772 218.8083561 402.0424983 285.0522712 88.0168711 270.0963165 370.1150893 55.3105071 156.2692423 425.2802421 415.2807263 400.0977463 87.831553 480.4099948 280.3739753 330.1817877 370.1334507 60.0956845 235.1099424 260.0240337 37.4150959 530.5182186 56.1363367 410.6602716 70.5865695 388.0423263 700.4361583 67.6480066 292.0688715 510.0865171 36.8906696 352.1258541 260.0914178 153.6198268 540.0232911 265.1601395 356.0766388 767.1678543 287.5818313 330.0328376 105.5263304 285.3534941 500.0539273 216.069325 342.1405124 140.4725489 490.1950557 255.0250413 40.6345481 102.4717629 270.3861788 155.2191039 230.0370505 315.293476 465.018904 220.2250392 140.7258349 350.9849692 240.2343223 180.8178216 595.5836593 190.4258643 438.0472617 315.7147603 136.2438747 395.0593049 735.2066274 231.29402 314.1524749 100.5925723 210.5816274 260.1511084 282.1069418 155.0660524 255.1472687 374.0415652 150.5151434 317.2727185 373.0609681 130.0812796 220.1979153 308.0432781 280.9716726 61.3500204 66.1591641 95.1292615 151.8812549 44.5261036 505.3869769 180.1428813 100.2049086 91.1385058 218.1209887 102.3244976 16.7830897 265.2142773 365.0387051 270.2391979 435.4432143 205.4280173 120.0938662
646.1485507 72.7760915 10.5349419 705.9392897 35.8158694 64.375486 880.9700736 105.3738146 95.1296247 65.2062252 365.1225051 0.0 1035.5216643 245.2171921 335.9944968 137.2679799 821.6631871 1265.3339729 40.6640037 850.1366752 87.3706701 690.2532206 322.2810331 257.1008508 265.9040865 90.5029348 63.5379564 80.8284443 193.4170815 200.328799 780.1345052 556.3398715 165.0561092 665.7339789 630.279383 470.8148061 266.382133 80.1290041 72.5015738 335.7480773 430.3296969 870.2748946 125.3783402 147.3115654 21.4668093 431.5535693 280.3784999 471.5067039 441.1827746 865.9397466 117.5050637 165.2057529 381.8594776 245.8863146 620.3881716 103.8529306 421.9360591 415.5891221 10.7984304 157.1976657 65.7708302 870.1295543 100.1839234 235.1050701 15.5083461 43.2787384 261.3088881 215.5128291 770.3059913 105.8655062 528.4349511 216.8864498 266.0336283 1095.3002275 265.4467252 573.1618354 55.6309463 205.3700772 149.5676335 37.7285688 80.4353504 281.7926821 96.3824927 735.161994 310.296665 210.3503516 64.8167633 55.1908516 35.4986352 311.2729066 845.4950989 645.4310729 40.2689012 735.1561822 305.1412765 600.2135524 105.3529914 367.9528248 895.5930599 339.731982 775.6692521 295.5396334 24.6038229 1065.5362588 426.9100145 73.2826419 875.17693 336.3897727 22.2133518 106.117116 219.1108197 905.0668787 101.411842 38.0128899 1132.2604548 651.7364467 35.8698508 260.6984705 650.4017816 865.1486726 149.2565312 29.628083 505.4226415 855.3048268 620.0924839 325.3604659 263.6748784 635.3954196 210.6820897 135.540916 680.3660856 100.6205138 146.2015896 226.2254422 715.8779587 605.3048002 186.8375431 960.6557082 176.3241852 73.7873173 680.6778736 500.7558322 30.8690282 1100.3219102 139.0681818 53.3058552 465.3787164 575.5279136 106.4492006 95.4448558 210.1142887 620.2395726 13.4089448 215.1196362 52.6854022 11.4806533 235.3480567 146.0233399 57.7268057 90.9394793 417.3869805 299.1025311 270.1805498 217.4620043 348.4176847 870.478568 185.7136069 265.0798604 455.6021382 147.4376031 466.013477 355.7060267 630.2994615 8.1002901 95.1612032 75.6311602 570.429501 245.3093202
390.0506089 970.0389312 1030.3148833 330.0689414 1070.3512495 985.1206656 155.2968863 930.3375251 940.5627412 970.5164441 670.4241969 1035.5216643 0.0 790.3771941 700.1079198 1172.3057302 215.9782834 230.0475184 1000.0796331 185.8917688 948.6120388 345.3091839 715.0545953 778.5003204 770.0963838 1125.2834849 1098.3311469 955.2984699 843.0741321 835.3309872 255.7187922 480.039336 870.6337806 370.0319925 405.2835115 565.0293092 770.0414671 955.5644502 1105.1016266 700.1268776 605.2414332 165.5326125 1160.2637799 888.3469174 1016.3124745 605.0179266 755.2325209 564.1546452 595.0280154 170.2579657 920.0566073 870.3522666 655.0208152 790.213471 415.1614455 1138.1924152 615.0963945 620.1281135 1040.3769633 880.0567053 970.2932023 166.0228334 935.4269888 800.4693168 1022.3667891 1078.4869723 775.0429901 820.2115677 265.2569477 930.3432124 515.4681366 825.3373816 770.0642987 60.4852437 770.2413515 466.0331026 980.36841 830.3704328 888.0413815 1072.3660467 955.3882268 755.0610383 940.1557618 300.6838404 725.2990365 826.1320907 1095.0470937 1085.1210866 1070.4499474 733.0582758 190.0679297 390.1217923 1000.1002589 300.7631236 730.4106462 435.3540012 930.3498257 670.1483454 140.0193369 700.4262179 260.0064424 740.1691115 1058.3250622 30.091969 610.0879271 962.4458374 160.8121373 700.021204 1022.1215027 930.190674 820.0781157 132.0305037 935.2054341 1025.0642837 97.5753191 385.2959599 1000.3725002 775.151777 385.1401342 170.8712158 886.3847545 1012.1245476 530.1662296 180.289333 415.613503 710.243537 772.1387836 400.2102943 825.1818793 900.2494016 355.1740213 1135.2449258 890.1630416 810.0747511 320.050805 430.2424723 850.0560499 75.0906266 860.1253909 1108.3110305 355.0383592 535.0454371 1065.4034275 65.3977094 900.0356903 984.3047824 570.3345148 460.0847783 930.1699094 950.1127234 825.4476688 415.3167479 1044.2923574 820.7705766 987.1048692 1043.3858351 800.2852332 890.2048367 978.3666446 950.0207355 620.2041199 736.4763167 765.4079361 820.0715207 690.1944759 165.0567872 850.182498 770.5532137 580.1182006 888.4064493 570.009699 680.0916074 405.2441722 1035.3509627 940.6317941 1105.0443382 465.1318012 790.3069651
401.1363483 181.7778155 240.0036123 460.8629092 280.0744158 197.7218898 635.8639245 140.1281845 150.2419602 180.1757339 120.1029483 245.2171921 790.3771941 0.0 91.9780865 382.0161798 576.6863821 1020.2085576 210.3796342 605.036244 158.361932 445.1174426 80.8495492 12.8787344 24.2860474 335.0269561 308.023888 165.1056507 55.204316 45.6974113 535.0319922 311.469432 80.6039174 420.6477442 385.1418493 225.8111975 28.0574001 165.2478163 315.16843 91.3631583 185.1965694 625.1516363 370.0170003 98.0751131 226.0311346 187.1572326 35.8552297 226.3978103 196.5642101 620.8340246 131.0633156 80.1659011 138.1184546 15.0701228 375.2382691 348.0344674 178.0731055 170.6620558 250.1032223 91.9658132 180.1307142 625.0351117 145.1461705 11.2082157 232.0442236 288.1542203 23.9110539 30.7567846 525.166352 140.3039775 286.7300518 58.0306815 25.2487881 850.1740602 21.0837947 329.183781 190.1431658 40.9964645 99.9040665 282.0395121 165.0719931 42.8237481 150.291355 490.0645105 65.6241587 39.8720341 305.4374386 295.4778212 280.1047825 85.7212045 600.3533057 400.2916934 210.3101341 490.0687763 60.334747 355.0767117 140.1812973 125.9217614 650.4532982 102.108007 530.526911 50.8847384 268.0310553 820.3928563 182.9400869 172.1246789 630.0697023 92.7317092 232.2120068 140.1546617 45.5011736 660.009677 145.4872352 236.8051378 887.1427 406.8932561 210.0671614 19.5046507 405.2638025 620.0476337 96.1260173 222.2602875 260.2921428 610.1670004 375.0206324 80.6317003 20.6663591 390.2577127 36.0180371 110.2152685 435.2138941 345.0427743 100.745181 25.558748 470.7853927 360.1571399 62.8719874 715.5162517 71.530641 318.0714522 435.5622992 255.7179427 275.0709225 855.1945767 113.0467731 194.3209976 220.411183 330.3980923 140.459985 163.9814331 35.7224019 375.1024443 254.0225909 32.2988947 197.5148554 253.0610995 12.6341244 100.7367624 188.1080498 161.8441615 173.9078992 54.0790625 26.0873264 39.4977341 107.8979152 625.3284785 60.7474502 20.9110186 210.5837348 98.350608 221.1268021 110.9399401 385.1522389 245.0359896 150.358488 315.6778166 325.278645 7.6317953
310.4044631 270.1130478 330.5847182 370.2050382 370.5725659 285.4349076 545.2974569 230.6649711 241.4313836 271.2101372 34.455435 335.9944968 700.1079198 91.9780865 0.0 472.4657334 485.7963369 930.0475237 300.1617772 515.1876628 249.6964944 355.1631598 20.7765252 80.8697113 70.8741638 425.4129433 398.5056494 255.5306105 143.1876926 135.858982 445.2676904 220.5736605 171.9743083 330.1349171 295.3328663 135.3110561 70.2370323 256.31731 405.1612762 3.8850097 95.7163513 535.037015 460.4139615 188.9763043 316.5424954 96.1983259 56.4460087 136.2567396 105.423679 530.2453478 220.076118 170.9521901 47.5072426 90.4028561 285.198129 438.2770109 86.4634865 80.2782256 340.5859184 180.0508778 270.5250144 535.1907785 235.8953946 102.2884192 322.7970057 378.9611913 75.3332111 120.7964453 435.0813948 231.1596364 195.6895874 128.5170658 70.566164 760.040985 71.3554413 237.5948634 280.6945106 131.0426171 188.2117512 372.612945 255.8372324 55.3959962 240.2589341 400.411717 27.9856285 130.0221885 395.0873841 385.0843518 370.8010299 56.9289988 510.0702755 310.0817602 300.2033626 400.491802 34.623274 265.3308983 230.6532469 37.8846829 560.100154 33.0210675 440.18839 41.8222907 358.6364298 730.0962732 91.3566845 262.90801 540.184255 10.8071041 322.2571732 230.4457489 121.4703025 570.3022824 235.2227038 325.1937756 797.1144311 315.9275665 300.661911 75.5950064 315.1725737 530.1683863 187.1121583 312.164036 170.185943 520.081578 285.4983333 15.0582768 72.7913388 300.3813115 125.5723138 200.5335483 345.1894242 435.3121444 190.1570469 110.1298579 380.177422 270.2986596 150.0872146 625.134531 160.1008557 408.4145491 345.1167007 165.1733635 365.6668186 765.0280631 200.1908672 284.392851 130.2823664 240.1748405 230.1849548 250.6501494 126.4960877 285.3105331 344.5568088 123.1962159 287.1124593 343.6808195 100.8908514 190.2216741 278.6322214 250.2636234 82.4300552 41.4613145 67.40385 120.2241041 27.9656808 535.0818317 150.3703079 73.414803 120.2305583 188.8906401 130.4955386 21.6676787 295.2299658 335.6502051 241.6149538 405.0769271 235.2290545 91.2023492
782.668729 203.8800275 142.0252615 842.5469686 102.157453 190.191386 1017.6094695 242.0997949 232.0827021 202.0701658 502.0298035 137.2679799 1172.3057302 382.0161798 472.4657334 0.0 958.1117934 1402.1918651 172.6270503 987.041769 224.2033129 827.0909685 458.1332088 394.0061487 402.2978835 47.1194026 74.0711644 217.0749887 329.4508077 337.1307162 917.0363187 692.7609389 302.0953729 802.4038904 767.1062342 607.3745417 402.5811584 217.0996186 68.0910236 472.3301264 567.0936431 1007.1259765 12.3816598 284.0119617 156.0313494 567.8194526 417.1133236 608.1897649 577.626057 1002.5881641 252.6828615 302.0497961 517.9544832 382.3944398 757.1570006 34.5397148 558.1079599 552.2509637 132.1585245 292.735388 202.1749866 1007.036105 237.0655736 372.0248482 150.0361346 94.2983929 397.5305459 352.1006475 907.1335484 242.1678726 663.3711999 350.3206046 402.380742 1232.1545897 402.0842041 709.0720941 192.1704928 342.1674922 284.8007821 100.0356476 217.0109345 417.8661862 232.2601533 872.0612589 447.1268187 347.4012385 79.0905412 88.8528446 102.1733987 444.7837793 982.2720364 782.1983063 172.4955081 872.0597103 442.0431783 737.0585476 242.1135806 503.6167172 1032.342431 474.6636016 912.3724857 432.1451335 114.0669952 1202.3216546 563.0786235 210.0483747 1012.0664293 472.6202879 150.4490901 242.1382225 353.8508395 1042.0153669 237.3578257 150.2663944 1269.1346571 788.0859607 172.0380926 397.279259 787.1816469 1002.0485183 286.017054 160.4718673 642.1628937 992.1400223 757.0199161 462.1533262 400.1887587 772.1703749 347.1517144 272.1166452 817.1574638 37.3912115 282.3348135 362.4463519 852.5074811 742.1075091 322.6604289 1097.3939093 312.4251584 64.2789865 817.3564693 637.3541021 107.0807368 1237.1713788 273.4643657 188.3441502 602.1833493 712.2340848 242.3273125 225.2291637 347.0765527 757.0787545 128.0506193 352.1281233 185.676959 129.0368354 372.1210146 282.3467746 194.0805694 223.5333067 553.3440093 436.0041718 407.0948418 353.0894688 483.8851092 1007.2556199 322.1843455 402.0166125 592.2508483 284.0964247 602.4947613 492.2746712 767.1177264 137.007964 232.1504514 70.6151506 707.1793821 382.118917
175.5889774 755.2944947 816.2440521 116.1216414 856.2550875 770.1701952 61.0394053 716.3672162 726.868824 756.7318304 457.0384644 821.6631871 215.9782834 576.6863821 485.7963369 958.1117934 0.0 445.6713933 785.6611145 48.4847481 735.0021219 134.3903598 500.2011059 564.9679864 555.8879338 911.0724805 884.2023572 741.2080581 628.6775608 621.4485938 55.9764576 265.3929976 657.0813718 156.4393723 193.2803673 350.9033223 555.5729381 741.8338435 890.656047 485.9571685 391.6643532 58.9198362 946.0332743 674.4486783 802.2169818 390.3557918 541.3491642 350.3904907 380.55841 46.594901 705.5638691 656.4863718 440.2706327 576.0857607 202.4191698 923.8728713 400.2297495 406.1318813 826.3024557 665.5212399 756.24148 62.8782753 721.5460367 586.8968477 808.3809126 864.5806343 560.6158435 606.1986792 58.8681544 716.4245835 299.530182 610.021523 555.767887 276.3305079 556.3119982 250.3296423 766.4028943 616.5460818 673.4809601 858.2954803 741.4420919 540.4563524 725.9036795 94.2471803 511.5233028 613.1714253 880.451962 870.5581091 856.4745624 517.3702858 34.9163916 177.394578 785.7015726 94.7410186 516.819406 223.1048325 716.3724293 455.0548715 77.6794799 485.0509318 50.0139561 526.178145 844.2639739 245.7684319 395.2142635 748.5530668 65.929391 485.5153738 807.7734342 716.0188704 605.0930812 95.3247754 720.9380504 810.1860565 313.5423952 170.1250752 786.3576651 561.0657305 172.6805591 58.3312086 672.5272684 797.7329462 316.6244364 46.1898008 204.3819425 496.4126544 558.042101 187.9360875 611.0709176 686.1806486 143.4672482 920.9686511 675.8788829 595.7199689 106.3789674 217.7181419 635.5453782 141.0526593 645.7673737 894.1051213 141.7263264 320.9772218 851.3652131 281.2103553 685.2880489 770.0996664 356.8226564 246.6123012 715.8759611 735.0824971 611.7543336 203.2490467 830.1784236 607.4346476 772.6398799 829.3480468 586.3861426 675.998733 764.3425531 735.2853719 405.1223192 523.0315653 551.7902988 605.3760506 475.0665271 55.566516 636.0301018 557.0881715 366.1729926 674.4790376 355.7051137 465.9760112 193.0612525 821.2998671 727.0115873 890.3368315 251.9434385 576.4839634
620.0889093 1200.0276893 1260.1863701 560.0788575 1300.2183695 1215.116121 385.2432543 1160.1907086 1170.3541413 1200.3276359 900.2231812 1265.3339729 230.0475184 1020.2085576 930.0475237 1402.1918651 445.6713933 0.0 1230.0352049 415.2509497 1178.3891156 575.1100926 945.0758336 1008.2912589 1000.047811 1355.1743697 1328.2018001 1185.1749476 1073.0351327 1065.1752139 485.2501099 710.0751364 1100.395454 600.0294486 635.1111709 795.011013 1000.0199956 1185.3570886 1335.0531569 930.0541178 835.1119762 395.1203684 1390.1633613 1118.2040585 1246.1866264 835.0496009 985.1127696 794.0680637 825.026947 400.204472 1150.024971 1100.1997561 885.0503884 1020.0979651 645.0591868 1368.1122755 845.107876 850.0588902 1270.2307333 1110.0288041 1200.1626694 395.2832958 1165.2556956 1030.2712603 1252.2273776 1308.3171661 1005.0204311 1050.1097017 495.0666741 1160.2161443 744.9946005 1055.3589441 1000.0269258 170.062388 1000.1267984 695.8447426 1210.213141 1060.1967174 1118.0273625 1302.2273951 1185.2369143 985.0374149 1170.0791314 530.2626613 955.1495235 1055.7364763 1325.0253801 1315.0744299 1300.2872259 962.9857516 420.0017186 620.0309371 1230.0521951 530.3086479 960.2279913 665.1497467 1160.2009321 900.1861776 370.0273906 930.4442309 490.0191355 970.082955 1288.197652 200.0679912 840.1035582 1192.2735185 390.2087857 930.0249797 1252.0644757 1160.1038207 1050.1119316 360.5176184 1165.113117 1255.0636741 133.2221558 615.3036905 1230.2259214 1005.06234 615.0454277 400.2328996 1116.2319643 1242.0659741 760.0626567 410.0548994 645.2768349 940.1162461 1002.0626572 630.0907747 1055.0929296 1130.1377269 585.0538426 1365.1472513 1120.0820895 1040.0279383 550.0602799 660.0985851 1080.0288817 305.0932341 1090.0628492 1338.1921106 585.0290767 765.0187869 1295.2525936 165.0459751 1130.0310928 1214.1825012 800.1581815 690.0309981 1160.0901076 1180.1255773 1055.2543314 645.127111 1274.1771584 1050.4811333 1217.0568988 1273.2413004 1030.1450311 1120.10197 1208.2191623 1180.0306941 850.2109827 966.2680305 995.2174235 1050.0525561 920.2343052 395.0052429 1080.0929566 1000.3253108 810.0557952 1118.2422234 800.0156838 910.0374731 635.0818476 1265.2171324 1170.3998618 1335.0331434 695.0410178 1020.1559477
610.2718932 33.1593863 32.9256131 670.2084816 71.7922802 27.3285967 845.2668672 71.2195984 63.36186 35.7412143 330.2051197 40.6640037 1000.0796331 210.3796342 300.1617772 172.6270503 785.6611145 1230.0352049 0.0 815.0287243 56.5801997 655.0084308 285.6165014 222.5662636 230.0179523 125.7169845 99.1566775 46.6247574 157.0888507 165.4427324 745.038857 520.3232445 131.7108925 630.1120613 595.0240479 435.0672746 230.1414456 49.4896444 105.0832489 300.0888728 395.0510597 835.0263243 160.5195384 112.7125117 20.7047217 395.3425515 245.0874415 436.0363292 405.1985785 830.2533331 80.1872222 130.6070197 345.4367789 210.3152565 585.0135892 138.30059 385.5715532 380.0414567 43.3362654 120.2841249 32.396702 835.0255127 67.0169553 200.5662349 26.8723501 80.5919165 225.0995917 180.1203817 735.0117298 71.403308 490.9552455 178.3739771 230.0515847 1060.018663 230.1445539 536.596719 24.960717 170.5699323 112.377092 73.7690348 47.4981326 245.390075 60.2129828 700.0691774 275.1770646 177.7385721 95.1583239 85.7358134 72.6134058 272.8364151 810.0530376 610.0190345 4.0037233 700.0911025 270.2877041 565.0316358 71.3391225 331.0432689 860.089332 302.1772745 740.0983174 260.0378644 59.7029103 1030.0924429 390.5461298 41.724959 840.0190023 300.1797931 22.3508165 70.3698948 181.3530532 870.0738826 65.7830259 30.9962611 1097.0217413 615.6053002 15.1906089 225.079894 615.0195116 830.0189483 114.8838165 13.4292405 470.0247318 820.0074793 585.1004292 290.1091412 228.0258812 600.0331243 175.1216923 100.4528372 645.0138046 135.5240399 110.2635234 190.0642731 680.179989 570.011961 150.2132561 925.1260577 140.2054953 109.0178527 645.0872112 465.0727987 67.2753469 1065.0239983 101.0548762 21.6580516 430.1399904 540.0245921 70.4388976 55.6264227 175.6659748 585.0230378 45.8965816 181.5243496 15.2036443 46.0264511 200.2457615 110.4469683 26.6757812 51.5670176 380.8626082 264.3951227 235.3760134 180.6413577 311.3144157 835.046289 150.1307743 230.6325883 420.0372117 113.0811779 430.1257189 320.0344428 595.014918 38.005272 64.0101226 105.5396049 535.0130789 210.2661247
