-1.0 -0.46813622405846256 -0.42684775940978165 -0.4550628073432783 -0.5621997178216117 -0.7174514938913245 -0.4723826237793363 -0.5540918932938528 -0.7120269171463662 -0.5234772473220257 -0.463814786531076 -0.5707377522752796 -0.5139466255108104 -0.5729122237499178 -0.5418398651602304 -0.5084151306371502 -0.5135332604579949 -0.49878579287704217 -0.5678522557808995 -0.4479943724878622 -0.545012162174084 -0.5338562423747454 -0.44578842940258623 -0.48864733507931235 -0.5344890002271254 -0.4741683563730441 -0.519012388764399 -0.5160913776459163 -0.50856959450761 -0.5364278024076313 -0.5412132071567443 -0.48613519618002854 -0.4734638744232769 -0.4493903040650103 -0.5503767018818834 -0.4790840534307844 -0.4062114380031172 -0.4820532980900459 -0.49559726528250353 -0.4941244416519081 -0.5207061267152785 -0.489611163177413 -1.226525994870378 -0.7328908858545401 -0.49559726528250353 -0.43185708311061843 -0.47783178620784916 -0.46772570803868135 -0.47751245501285494 -0.4934773520707256 -0.5124125900763109 -0.42400558650318176 -0.5087235350778774 -0.5316244291495276 -0.47201539733946535 -0.4826217711418831 -0.4727463992366348 -0.4154612649330506 -0.46335388504354635 -0.6952737779772604 -0.4500677706843811 -0.7557756907016407 -0.4863933877399068 -0.5022920673135041 -0.39647829563219633 -0.4624145409538845 -0.4400048449739945 -1.226525994870378 -0.4651642398695023 -0.4869049734521736 -1.226525994870378 -0.4604609391547165 -1.226525994870378 -0.4697353615491613 -0.45564047829091364 -0.4697353615491613 -0.4758759376763709 -0.6896683007816171 -0.37230735722485636 -0.4856139050055301 -0.4479943724878622 -0.44089460147332765 -0.4673106955160207 -0.46471981902885007 -0.42945184220283 -0.474515882865868 -0.40012320406841645 -0.3808771041166146 -0.4925989647439175 -0.5268368939021557 -0.5554375603632443 -0.47686596342243154 -0.4281768558572363 -0.4208727827791239 -0.42400558650318176 -0.4609591561223497 -0.4154612649330506 -0.4624145409538845 0 -0.35851732595643687 0 0 0 0 0 0 0 0 0 0 0 0 0 0 0 0 0 0 0 0 0 0 0 0 0 0 0 0 0 0 0 0 0 0 0 0 0 0 0 0 0 0 0 0 0 0 0 0 0 0 0 0 0 0 0 0 0 0 0 0 0 0 0 0 0 0
-0.46813622405846256 -1.0 -0.38703261246858073 -0.36995828641056716 -0.43778315470425905 -0.45553217082825126 -0.8703224892545922 -0.43285108193848243 -0.45280309780830297 -0.4563150914028888 -0.4141852005580971 -0.442943010671686 -0.4079574685898552 -0.4442516075712757 -0.46888015461821825 -0.40446444700520495 -0.4494333797044272 -0.4391256947647948 -0.48636953133257055 -0.4026662563786889 -0.47103234874757105 -0.4634397397940148 -0.40104815074248323 -0.43196797239715123 -0.4638721921020055 -0.42164324289177596 -0.45323197651345526 -0.4512089605790575 -0.4045621985676054 -0.46519589287382895 -0.42495158673798433 -0.3902363616046464 -0.4211377768752215 -0.3662003345558305 -0.4746595474432781 -0.42516219025506735 -0.33700889654251714 -0.3876017084439114 -0.3963101985844858 -0.3953678272214199 -0.4544028488831451 -0.43265096204601217 -0.8346115208778214 -0.4202329380955695 -0.43688092759400315 -0.3544729857927832 -0.4242670802827885 -0.3782843897645367 -0.42403867897984465 -0.39495343836310043 -0.44865437707854466 -0.38491041740517207 -0.4460850743826748 -0.46191268747116004 -0.4200975809237791 -0.38796915213302263 -0.4206226895447324 -0.37850019057217926 -0.4138517263713959 -0.40305836660946737 -0.4041844573064209 -0.4304992658936327 -0.4303686907701402 -0.40057969545060007 -0.3640934632630697 -0.413171696619837 -0.39679175355154495 -0.8346115208778214 -0.41516084165376976 -0.3907322349723215 -0.8346115208778214 -0.3735182365724956 -0.7571057390890995 -0.3795978558416524 -0.4082521325969837 -0.4184577231802983 -0.3835978749181765 -0.40046664462423065 -0.34541265082667383 -0.3899003814796254 -0.4026662563786889 -0.39744788963997263 -0.3780128776234849 -0.4148396489239311 -0.3889726319075032 -0.3827136514077307 -0.3668775298969761 -0.3520796881083818 -0.434764797382438 -0.4586277789112176 -0.4780673338032082 -0.4235760946378846 -0.3880233025944865 -0.34703864454341127 -0.38491041740517207 -0.4121170493706239 -0.37850019057217926 -0.413171696619837 0 -0.33458171241980533 0 0 0 0 0 0 0 0 0 0 0 0 0 0 0 0 0 0 0 0 0 0 0 0 0 0 0 0 0 0 0 0 0 0 0 0 0 0 0 0 0 0 0 0 0 0 0 0 0 0 0 0 0 0 0 0 0 0 0 0 0 0 0 0 0 0
-0.42684775940978165 -0.38703261246858073 -1.0 -0.3436859881767538 -0.4014675734938326 -0.4196969177714122 -0.38965961098622287 -0.39731594589862057 -0.5763906594262106 -0.420361413884002 -0.3843469307500849 -0.48702952876156774 -0.37624236976289205 -0.4883473993808294 -0.4310013612626935 -0.37326936179027875 -0.588447023621594 -0.4057306301630411 -0.5395692663935873 -0.3744079613829498 -0.4655560262201857 -0.464226498469667 -0.5208847504467612 -0.5518553639681308 -0.5748717973790821 -0.39076079140353825 -0.5056855860136512 -0.4474909337601174 -0.3733526147334533 -0.4566511246771507 -0.49490770508096066 -0.3611184085684702 -0.39032661944752073 -0.3404404797849321 -0.5276397814402816 -0.5438024657865921 -0.3150691915355338 -0.3588611252273163 -0.3663136153467865 -0.36550835581085067 -0.5944429111851265 -0.4001970400192475 -0.7217093371753922 -0.3866590421570807 -0.48882302778224973 -0.3302821057530665 -0.5579238742577031 -0.3508600710948621 -0.5576456343969047 -0.36515416734350975 -0.4138517263713959 -0.3590091605882937 -0.5844013305773028 -0.6034843628658978 -0.38943289922231195 -0.35917607531206946 -0.38988410477879265 -0.4935392913149269 -0.4131086063480155 -0.37207148928457795 -0.37572020367527065 -0.3953335422627679 -0.48208043646779863 -0.36995828641056716 -0.34083341104319936 -0.383474040410935 -0.3693238428980295 -0.7217093371753922 -0.38518692066885957 -0.3615430021221613 -0.7217093371753922 -0.3467561791023825 -0.6546881602532638 -0.4459293721544234 -0.37923264004001506 -0.46970865894889163 -0.40466873939045234 -0.3698618567218235 -0.3244093639795705 -0.3608306784820071 -0.5815809156071636 -0.3698922161484392 -0.3506264871939377 -0.4659404596733374 -0.5631468608258328 -0.42565859710980003 -0.5363507722316813 -0.3302833613878384 -0.48663371394829424 -0.42232323582286374 -0.6126913538482168 -0.4221015301461535 -0.5618656249342527 -0.3238185969910147 -0.5096513796943348 -0.4631017627410894 -0.5522167262462292 -0.5443818577000591 0 -0.3148373082380288 0 0 0 0 0 0 0 0 0 0 0 0 0 0 0 0 0 0 0 0 0 0 0 0 0 0 0 0 0 0 0 0 0 0 0 0 0 0 0 0 0 0 0 0 0 0 0 0 0 0 0 0 0 0 0 0 0 0 0 0 0 0 0 0 0 0
-0.4550628073432783 -0.36995828641056716 -0.3436859881767538 -1.0 -0.4263293494938157 -0.4030093801388903 -0.37260530200793335 -0.4216505991209415 -0.400654333300067 -0.40368487070113934 -0.36725413592815376 -0.43122123233196297 -0.39799340973679326 -0.4324613888518903 -0.41451794292905547 -0.3946682379575192 -0.39774548018509515 -0.38884092922511415 -0.42957198919180395 -0.35726433003284985 -0.41637199333855757 -0.4098292582852668 -0.3558600238317348 -0.3826516812054014 -0.4102020577163141 -0.3737154478178431 -0.4010244793472792 -0.3992783535372472 -0.3947613111935145 -0.4113430572187977 -0.41415108881664214 -0.3811094680172281 -0.37327770044272446 -0.3581515357878288 -0.41949573629374026 -0.3767622853720468 -0.3301801985628731 -0.3785962159915555 -0.38690040814908333 -0.38600220519450706 -0.40203491919791456 -0.3832424669262473 -0.7234905975155363 -0.40966798364574497 -0.38690040814908333 -0.34692613648857884 -0.37598737593898535 -0.36970185512502335 -0.3757896336008486 -0.3856072063980755 -0.3970728675977631 -0.3418410071837786 -0.39485405652468775 -0.4085127089918589 -0.37237678659755874 -0.3789467760235618 -0.37283159598337545 -0.33626553082776506 -0.36696510642456165 -0.39332933108652557 -0.35858170689471763 -0.41941860605732895 -0.38126813171018226 -0.3909685257886303 -0.32372063876005447 -0.3663756769887755 -0.352164840188038 -0.7234905975155363 -0.36809968555774947 -0.3815824034858811 -0.7234905975155363 -0.3651482163151038 -0.7234905975155363 -0.3709562985201982 -0.36211024642787276 -0.3709562985201982 -0.37477535332775586 -0.39086083404432576 -0.3074246202475249 -0.3807890135417273 -0.35726433003284985 -0.35273457526046037 -0.3694425191619998 -0.367821330408808 -0.34537221711008936 -0.37393129056234703 -0.3261464472292033 -0.3132443579716461 -0.3850706555240839 -0.40567988286825957 -0.42242940181237926 -0.3753891282368863 -0.3445471222146032 -0.339801803508578 -0.3418410071837786 -0.365461454020978 -0.33626553082776506 -0.3663756769887755 0 -0.2979611214907357 0 0 0 0 0 0 0 0 0 0 0 0 0 0 0 0 0 0 0 0 0 0 0 0 0 0 0 0 0 0 0 0 0 0 0 0 0 0 0 0 0 0 0 0 0 0 0 0 0 0 0 0 0 0 0 0 0 0 0 0 0 0 0 0 0 0
-0.5621997178216117 -0.43778315470425905 -0.4014675734938326 -0.4263293494938157 -1.0 -0.4848343127158384 -0.4414945662983023 -0.8276570387413482 -0.48142990970009614 -0.48581227812197003 -0.4340016743130801 -0.5262538189717979 -0.4775930340335225 -0.5281019897107625 -0.5015877080174485 -0.47281275556388563 -0.4772360585462137 -0.4644737504871472 -0.5237996241351351 -0.4201192695261532 -0.504305003433232 -0.49473870275007503 -0.41817870775990784 -0.4556698772004145 -0.49528208187331696 -0.4430540182063091 -0.4819644500107702 -0.4794445559704184 -0.4729463409987627 -0.4969464356483232 -0.5010506517779261 -0.7329665473782668 -0.44243889737410663 -0.42134665230161555 -0.5088947368919521 -0.447342839963757 -0.3831597191489139 -0.7272222128207464 -0.7462573536789175 -0.7441908467987846 -0.4834246744928906 -0.4565078913396085 -1.0379727432735284 -0.49450369806246613 -0.4617076025396533 -0.40589581285317833 -0.44625082200326555 -0.7070080054656548 -0.44597229422538914 -0.45986716373867664 -0.4762680610509321 -0.39895234522256334 -0.4730794682114647 -0.4928213853073634 -0.44117377770541855 -0.4504258028974685 -0.441812308152029 -0.39137889299863104 -0.4335980944571425 -0.47089243929228264 -0.4219421481612707 -0.508781233598797 -0.45370927922660426 -0.7556401998992153 -0.3744881159516282 -0.43277541554892485 -0.4130852531925419 -1.0379727432735284 -0.4351830017483817 -0.4541543895957886 -1.0379727432735284 -0.6967277569697459 -1.0379727432735284 -0.4391813351483183 -0.6898949687548499 -0.4391813351483183 -0.44454450111250926 -0.46735876729624026 -0.3528508828347138 -0.7322333106157564 -0.4201192695261532 -0.41386937206854485 -0.7064212856590483 -0.4347939992712148 -0.40377035223538393 -0.44335741798165773 -0.37773825904454383 -0.36053908999337253 -0.45910426119160036 -0.48870451889906763 -0.513218472667235 -0.44540833452753775 -0.4026430962274686 -0.6403413164482559 -0.39895234522256334 -0.43150036423022364 -0.39137889299863104 -0.43277541554892485 0 -0.3404404797849321 0 0 0 0 0 0 0 0 0 0 0 0 0 0 0 0 0 0 0 0 0 0 0 0 0 0 0 0 0 0 0 0 0 0 0 0 0 0 0 0 0 0 0 0 0 0 0 0 0 0 0 0 0 0 0 0 0 0 0 0 0 0 0 0 0 0
-0.7174514938913245 -0.45553217082825126 -0.4196969177714122 -0.4030093801388903 -0.4848343127158384 -1.0 -0.4591757217566364 -0.47879242650488385 -0.9934088975170535 -0.5024170394644248 -0.45181626687179427 -0.4911709182463559 -0.44851892934951143 -0.49278050797279715 -0.5176917720860675 -0.44430037657432064 -0.49408724434216683 -0.48165787011703226 -0.539095175024467 -0.4381436622060816 -0.5203166423112814 -0.5110676768318141 -0.4362285433672638 -0.4730600299558883 -0.5115936337292816 -0.460705627026171 -0.49868202397429934 -0.4962340246296637 -0.444418334384905 -0.5132041715247417 -0.46914577784722616 -0.42719088759205626 -0.46010223373687736 -0.39855402761483255 -0.5247461490737774 -0.46491004062934377 -0.3642184374765262 -0.4240356332882319 -0.4344802948305468 -0.4333479145417182 -0.5000998678860303 -0.47387926564155747 -1.002936186985724 -0.6932061449757856 -0.4789585403173016 -0.384702115187214 -0.46383995260466443 -0.41290950455892295 -0.4635669703559587 -0.4328501372100062 -0.4931459167877694 -0.4172025481686933 -0.4900435312061061 -0.5092112528859284 -0.45886093530740446 -0.42447544099582657 -0.45948749297953656 -0.40968213657687363 -0.4514194729359607 -0.6620957246158357 -0.4399417717240489 -0.7119278686948105 -0.47114267979667024 -0.43961714890179676 -0.39285665535783226 -0.4506104996596862 -0.43119732543694655 -1.002936186985724 -0.45297749517749886 -0.42778519554162003 -1.002936186985724 -0.40723745056655697 -0.9097990191992423 -0.41447492077005504 -0.44476529409212745 -0.45690519319772344 -0.41924836390177284 -0.6574235936847901 -0.3711955076020913 -0.42678829417172925 -0.4381436622060816 -0.4319722921370465 -0.41258603483115813 -0.45259515002673906 -0.4219791838864704 -0.4181923748926137 -0.39609993590477066 -0.3789061042760427 -0.476416341566232 -0.5052220755002782 -0.528914224573911 -0.46301417957799557 -0.42086213823301016 -0.37596135331676606 -0.4172025481686933 -0.4493563531546406 -0.40968213657687363 -0.4506104996596862 0 -0.3587165093686927 0 0 0 0 0 0 0 0 0 0 0 0 0 0 0 0 0 0 0 0 0 0 0 0 0 0 0 0 0 0 0 0 0 0 0 0 0 0 0 0 0 0 0 0 0 0 0 0 0 0 0 0 0 0 0 0 0 0 0 0 0 0 0 0 0 0
-0.4723826237793363 -0.8703224892545922 -0.38965961098622287 -0.37260530200793335 -0.4414945662983023 -0.4591757217566364 -1.0 -0.43647899243618415 -0.4564029503065296 -0.45997122765538917 -0.4171951604764689 -0.44674280535746363 -0.4111785376531684 -0.44807398393966963 -0.4727412651862473 -0.4076303791773067 -0.4529796422295068 -0.4425105441370884 -0.4905253316742814 -0.40551054895083 -0.4749291335141085 -0.4672114089016454 -0.40386954970272243 -0.43524296392370554 -0.4676509321510079 -0.4247629849121464 -0.4568386786999676 -0.4547834103899377 -0.4077296672109868 -0.46899631798117036 -0.4284477526583175 -0.39318266049085054 -0.4242500158787864 -0.36879365923495777 -0.47861682999767163 -0.4283344189038309 -0.33920401041712084 -0.3905082100164647 -0.3993492837392243 -0.3983924213514471 -0.45802828466724604 -0.4359363573981203 -0.8469242929255602 -0.4236515801515078 -0.4402311273773587 -0.3569023197732229 -0.42742591614716485 -0.38105233670039096 -0.42719410203650404 -0.39797167140224726 -0.4521883084557721 -0.38750858924927367 -0.44957848864547234 -0.465659441455725 -0.4231944081387102 -0.390881187704431 -0.4237272920763106 -0.3810122616793263 -0.4168568238216516 -0.40620223939757233 -0.40705031471024944 -0.43408769692002896 -0.4336193858402503 -0.40368487070113934 -0.3664173544575268 -0.4161668906599626 -0.3995533760744461 -0.8469242929255602 -0.4181850503689712 -0.39368605467863865 -0.8469242929255602 -0.3762166252426271 -0.76827509171394 -0.3823851285024457 -0.4111761723663143 -0.42153033213624774 -0.38644441919298916 -0.40357006065973594 -0.3475035077059469 -0.39284159010639547 -0.40551054895083 -0.40021868485834067 -0.3807768381032666 -0.4178591630225265 -0.39162612262034313 -0.38554703932132567 -0.36923721173467683 -0.35425229179951795 -0.4380824976551448 -0.46232121898054884 -0.48208188271507074 -0.42672461138055384 -0.3906638128945126 -0.3493668119016054 -0.38750858924927367 -0.4150969169363332 -0.3810122616793263 -0.4161668906599626 0 -0.33654312881535636 0 0 0 0 0 0 0 0 0 0 0 0 0 0 0 0 0 0 0 0 0 0 0 0 0 0 0 0 0 0 0 0 0 0 0 0 0 0 0 0 0 0 0 0 0 0 0 0 0 0 0 0 0 0 0 0 0 0 0 0 0 0 0 0 0 0
-0.5540918932938528 -0.43285108193848243 -0.39731594589862057 -0.4216505991209415 -0.8276570387413482 -0.47879242650488385 -0.43647899243618415 -1.0 -0.475472053925774 -0.4797461454813324 -0.4291539662604701 -0.5191430878345749 -0.4717291867266197 -0.5209415657645938 -0.49512383758672135 -0.4670649981747859 -0.4713809200604931 -0.4589257622137736 -0.5167546164847179 -0.4155751050063859 -0.497771364839531 -0.4884490441679699 -0.41367620099357233 -0.4503290052998066 -0.4889786876607785 -0.438003152316764 -0.4759934387071669 -0.4735354361372914 -0.46719535503548526 -0.49060087758758747 -0.49460052683153133 -0.7244162219517252 -0.4374019669206365 -0.4167760417813303 -0.5022424148219679 -0.44219428284430096 -0.37937632150583767 -0.7188046122392723 -0.7373960069760072 -0.7353782193615165 -0.477417652691891 -0.4511474723230608 -1.0106687169471467 -0.4882199753873326 -0.4562251089718462 -0.40165257817487754 -0.441127226754905 -0.6990492995051191 -0.44085505610168113 -0.4544280337616003 -0.4704365057911773 -0.3948523096327428 -0.46732526385775686 -0.4865800748275194 -0.43616544845535377 -0.44520645037368134 -0.4367895533819559 -0.3874322747609432 -0.4287593477587556 -0.4651909943147434 -0.4173586793494095 -0.5021318592634947 -0.44841400144166454 -0.7465559775658632 -0.37087322300626485 -0.4279549107695313 -0.408691184091119 -1.0106687169471467 -0.43030901560419316 -0.44884877762461745 -1.0106687169471467 -0.688997550142059 -1.0106687169471467 -0.43421788681361595 -0.6823148134893097 -0.43421788681361595 -0.4394597897188807 -0.4617420605147285 -0.34963985506551915 -0.7236999840066516 -0.4155751050063859 -0.40945869453944417 -0.8551668980455013 -0.42992867406610225 -0.3995712104644845 -0.4382996716244214 -0.3740606553566066 -0.35718727332634864 -0.4536830565019361 -0.48256639917276783 -0.5064533811470535 -0.4403039562877701 -0.3984672470183096 -0.6338058276279882 -0.3948523096327428 -0.42670806486960633 -0.3874322747609432 -0.4279549107695313 0 -0.33745039804960514 0 0 0 0 0 0 0 0 0 0 0 0 0 0 0 0 0 0 0 0 0 0 0 0 0 0 0 0 0 0 0 0 0 0 0 0 0 0 0 0 0 0 0 0 0 0 0 0 0 0 0 0 0 0 0 0 0 0 0 0 0 0 0 0 0 0
-0.7120269171463662 -0.45280309780830297 -0.5763906594262106 -0.400654333300067 -0.48142990970009614 -0.9934088975170535 -0.4564029503065296 -0.475472053925774 -1.0 -0.49909933221254793 -0.4491314046783866 -0.585292464861904 -0.4456038908072002 -0.5871968080742075 -0.5141699721133863 -0.44143974018312304 -0.6778910699185537 -0.4786078326389847 -0.6479619729913304 -0.4356183827506125 -0.5558448993936227 -0.5526679149126001 -0.5250316000975492 -0.8798600379517779 -0.6845045910946818 -0.45791440402850286 -0.5997060376909829 -0.5302856837262813 -0.4415561837373515 -0.5440105692263978 -0.5903129761211668 -0.4245456727604025 -0.45731829527657736 -0.3962506152062127 -0.6308341689592899 -0.8647942741508674 -0.36229385095398264 -0.4214292303365615 -0.4317443251976834 -0.4306261430977164 -0.6860862054350878 -0.4709266447843086 -0.9898018463861052 -0.688552334196515 -0.5761362925894511 -0.3825556013633784 -0.6366447075004247 -0.41043768559348215 -0.6362723090776646 -0.4301345954625482 -0.48994913384695643 -0.41491226102962436 -0.6723788076379026 -0.6985024481559993 -0.4560919528205397 -0.42186364519413566 -0.4567109663213013 -0.4932533920893479 -0.48268028061075063 -0.6578489779915911 -0.43739578283435254 -0.7070201782116114 -0.566792884969548 -0.43681631069444965 -0.39082521812976745 -0.44793990623763186 -0.428751259384516 -0.9898018463861052 -0.4502788555538168 -0.42513263839510734 -0.9898018463861052 -0.4048328771841866 -0.8978843925755127 -0.5219355271682244 -0.44216333579115374 -0.5497678597387222 -0.47443178081154375 -0.6532363810805382 -0.36938139416199683 -0.4241480473923556 -0.6015784776220511 -0.42951745085753396 -0.41011807557800445 -0.5446127016939702 -0.579507606715473 -0.49885648345994943 -0.544152700469778 -0.3770160332056758 -0.5730974522528653 -0.5018673424445819 -0.6358100837126645 -0.49500243471002886 -0.5779820532237286 -0.3739110127189108 -0.5729838230445373 -0.5407384556980369 -0.5627110116938893 -0.618594204310401 0 -0.3570220423964906 0 0 0 0 0 0 0 0 0 0 0 0 0 0 0 0 0 0 0 0 0 0 0 0 0 0 0 0 0 0 0 0 0 0 0 0 0 0 0 0 0 0 0 0 0 0 0 0 0 0 0 0 0 0 0 0 0 0 0 0 0 0 0 0 0 0
-0.5234772473220257 -0.4563150914028888 -0.420361413884002 -0.40368487070113934 -0.48581227812197003 -0.5024170394644248 -0.45997122765538917 -0.4797461454813324 -0.49909933221254793 -1.0 -0.6510914981250606 -0.4921746404587866 -0.4493557506737602 -0.49379082621793 -0.5187031745078376 -0.4451215160416183 -0.49500843614153633 -0.6941730067580711 -0.5401920255161023 -0.438867904988917 -0.521338337151472 -0.5120533375211944 -0.43694646349313243 -0.47390441558030194 -0.5125813261759686 -0.6639238103964477 -0.49962044501351327 -0.49716324639663795 -0.44523991032370036 -0.5141980984707941 -0.4700614164096242 -0.42794994848391116 -0.6630527495953041 -0.3992146531153281 -0.5257853309077821 -0.46572555725150655 -0.5708403934637564 -0.42478351284740457 -0.43526550513967993 -0.4341290335387158 -0.5010436377648108 -0.4747265809970088 -1.0067391673875246 -0.4642945972798707 -0.9532243287015261 -0.602995870492053 -0.4646517161045162 -0.41361861947100675 -0.46437777781269296 -0.4336294611152242 -0.49406359858972887 -0.4178591630225266 -0.4909496924291309 -0.5101897590141415 -0.6612608190283727 -0.4252248741246237 -0.6621653116256927 -0.4103152748001931 -0.45218830845577224 -0.44341914240459696 -0.6339513113721131 -0.4768588332393133 -0.47198022850790994 -0.4404210532066086 -0.5660016266316803 -0.6493509687952853 -0.6213301614415644 -1.0067391673875246 -0.652767750351961 -0.4285463717951773 -1.0067391673875246 -0.40792720108137775 -0.9132488377265713 -0.4151894272976014 -0.4455116117887196 -0.4576928445769747 -0.41997943743520594 -0.44028439999926255 -0.37171520058555274 -0.4275459237600713 -0.438867904988917 -0.6224486630047882 -0.4132940381969489 -0.45336799890079177 -0.4226509323471234 -0.4189197670612861 -0.3966917588119415 -0.5458738794784502 -0.4772727621966564 -0.7281988633268395 -0.5299699970883278 -0.46382305276972785 -0.42153033213624774 -0.37654914918996824 -0.4178591630225266 -0.45011817119468217 -0.4103152748001931 -0.45137657970315054 0 -0.5167482389176445 0 0 0 0 0 0 0 0 0 0 0 0 0 0 0 0 0 0 0 0 0 0 0 0 0 0 0 0 0 0 0 0 0 0 0 0 0 0 0 0 0 0 0 0 0 0 0 0 0 0 0 0 0 0 0 0 0 0 0 0 0 0 0 0 0 0
-0.463814786531076 -0.4141852005580971 -0.3843469307500849 -0.36725413592815376 -0.4340016743130801 -0.45181626687179427 -0.4171951604764689 -0.4291539662604701 -0.4491314046783866 -0.6510914981250606 -1.0 -0.4390722595011096 -0.4046717589146266 -0.44035805223503116 -0.46494423443876415 -0.4012345396511355 -0.4458159137234919 -0.7409260205661015 -0.482135838553751 -0.3997600384381629 -0.4670603663636203 -0.4595942521133993 -0.3981651594039321 -0.42862515413287705 -0.46001955417747786 -0.7116511636335493 -0.44955335295310495 -0.4475629709584823 -0.40133073604401986 -0.4613213277116926 -0.421387628246943 -0.387228853231669 -0.7108044737754782 -0.36355064461493536 -0.47062641867990235 -0.42192348149551817 -0.5238821791941296 -0.38463451855255076 -0.3932087128898855 -0.39228101636429596 -0.4507052717056931 -0.4292976057165069 -0.8222219291598932 -0.4167473637364072 -0.6235789423919631 -0.5508400153265636 -0.42104194259547545 -0.37545761801777716 -0.42081699963571023 -0.39187306954104245 -0.4450493902390581 -0.382254006372501 -0.44252109457759836 -0.45809239565616866 -0.7090620267540477 -0.3849963553988132 -0.7099416517862384 -0.3759312262783174 -0.4107824203961199 -0.3998507880772332 -0.6823976273111262 -0.42684204653472624 -0.42705048395089273 -0.39741129157558813 -0.615152745805632 -0.697458723297928 -0.6700050660317214 -0.8222219291598932 -0.5928075757680346 -0.3877171079886254 -0.8222219291598932 -0.37076198779786257 -0.745866700614351 -0.376751493827912 -0.40526502305466355 -0.41531997582665264 -0.3806914393164259 -0.39730002178989426 -0.3432719296993575 -0.38689802967873577 -0.3997600384381629 -0.6711050950419243 -0.3751901470896788 -0.4117557263222453 -0.3862600528453081 -0.3798205489636356 -0.3644634112353776 -0.59498312712996 -0.4313787217401592 -0.6543642485101052 -0.47397633556321717 -0.420361413884002 -0.3853239021093565 -0.34465809228583205 -0.382254006372501 -0.4090733251038673 -0.3759312262783174 -0.41011243187367935 0 -0.4784396118216131 0 0 0 0 0 0 0 0 0 0 0 0 0 0 0 0 0 0 0 0 0 0 0 0 0 0 0 0 0 0 0 0 0 0 0 0 0 0 0 0 0 0 0 0 0 0 0 0 0 0 0 0 0 0 0 0 0 0 0 0 0 0 0 0 0 0
-0.5707377522752796 -0.442943010671686 -0.48702952876156774 -0.43122123233196297 -0.5262538189717979 -0.4911709182463559 -0.44674280535746363 -0.5191430878345749 -0.585292464861904 -0.4921746404587866 -0.4390722595011096 -1.0 -0.48374057138530235 -0.6428421773389017 -0.5083728654073595 -0.4788370699540762 -0.5801282627771733 -0.47028613083115056 -0.6375310149283026 -0.4248688823125596 -0.5819833206967295 -0.601688309780074 -0.5075303091332916 -0.5535906396358137 -0.6023579788871235 -0.44833962045616205 -0.5859507681530703 -0.5529228660524289 -0.47897408171006645 -0.5924812855939492 -0.609468466715092 -0.4590235730760576 -0.44770974581700923 -0.42612421550969254 -0.6191408383680228 -0.5433523002421383 -0.38710648142334997 -0.45538256682908945 -0.4674505304117993 -0.466140028794507 -0.5877491774616951 -0.4621214085286913 -1.0674553826237703 -0.5010972932429899 -0.5610170749458743 -0.41032756994795483 -0.5420099723140337 -0.4425754730370691 -0.5416676136442187 -0.4655641159791196 -0.4823813175306602 -0.4032329757301881 -0.5750110945006129 -0.5993255339254603 -0.4464143475618907 -0.45588984273051997 -0.4470681491679389 -0.4746619194765814 -0.4994329573246684 -0.4768676086665872 -0.4267333021026631 -0.5157637599994888 -0.5511796128833816 -0.4734019173571954 -0.3782573762076021 -0.4378172212083969 -0.4176762837838338 -1.0674553826237703 -0.4402813903186033 -0.45970982343079436 -1.0674553826237703 -0.4360655347514541 -1.0674553826237703 -0.5333219426637896 -0.4317399239533257 -0.5333219426637896 -0.5121923287874578 -0.47324403499287987 -0.35619521937422144 -0.45855877727782063 -0.5099121341899722 -0.4184779458258837 -0.4422038743893709 -0.5279317992685209 -0.48985342236172513 -0.538453730231047 -0.45795067280312624 -0.36403147384468515 -0.557814654548984 -0.49514336429312705 -0.6121501236452385 -0.5131995521698214 -0.4884710265551529 -0.4003985874494033 -0.48394550834412875 -0.523886179089821 -0.4746619194765814 -0.5254522582034182 0 -0.3435526632618961 0 0 0 0 0 0 0 0 0 0 0 0 0 0 0 0 0 0 0 0 0 0 0 0 0 0 0 0 0 0 0 0 0 0 0 0 0 0 0 0 0 0 0 0 0 0 0 0 0 0 0 0 0 0 0 0 0 0 0 0 0 0 0 0 0 0
-0.5139466255108104 -0.4079574685898552 -0.37624236976289205 -0.39799340973679326 -0.4775930340335225 -0.44851892934951143 -0.4111785376531684 -0.4717291867266197 -0.4456038908072002 -0.4493557506737602 -0.4046717589146266 -0.48374057138530235 -1.0 -0.48530175289518246 -0.4628195564173988 -0.6135601603275447 -0.44200866270734485 -0.43103927411259524 -0.48166610123111375 -0.39257615623861136 -0.4651320720757139 -0.45698220658575706 -0.390881187704431 -0.42344689160069576 -0.4574457744873365 -0.412530849373912 -0.44606179686794106 -0.4439025042165824 -0.6137208222126351 -0.45886518552427413 -0.46236227311651656 -0.4215591241596466 -0.4119975126614958 -0.3936476742689769 -0.4690337064522705 -0.41624661206576524 -0.3601166882553362 -0.4184862152633077 -0.42865600568735945 -0.4275537429369945 -0.447312291027397 -0.5634174525838705 -0.8846297314662166 -0.4567816951818635 -0.42865600568735945 -0.38012892335058085 -0.4153009762224238 -0.4076456770334263 -0.41505973297814824 -0.5979590427980168 -0.44117817286751926 -0.37403241768621925 -0.43844077162938144 -0.45534588260035086 -0.41090027768253734 -0.5865414158424074 -0.41145412743596355 -0.36736764086634743 -0.40432086183122773 -0.43656164856722646 -0.3941674005545664 -0.46893728620552955 -0.4217532638173674 -0.43365526954826933 -0.3524462936707662 -0.4036054377159073 -0.38642746083679624 -0.8846297314662166 -0.4056986240141232 -0.5755343539517805 -0.8846297314662166 -0.40211634921795225 -0.8846297314662166 -0.4091713616259166 -0.3984352044054118 -0.4091713616259166 -0.41382274033816857 -0.4335227820152817 -0.3332157758814839 -0.4211670708762835 -0.39257615623861136 -0.38711355747602455 -0.40733039886209227 -0.4053605265666508 -0.37826413244344703 -0.4127938727023125 -0.3553236291732404 -0.3400638351955734 -0.42641114072085684 -0.4518290922505196 -0.4727041825974888 -0.4145712025889964 -0.37727462143600604 -0.3715924342747305 -0.37403241768621925 -0.40249625582715165 -0.36736764086634743 -0.4036054377159073 0 -0.32212644311906263 0 0 0 0 0 0 0 0 0 0 0 0 0 0 0 0 0 0 0 0 0 0 0 0 0 0 0 0 0 0 0 0 0 0 0 0 0 0 0 0 0 0 0 0 0 0 0 0 0 0 0 0 0 0 0 0 0 0 0 0 0 0 0 0 0 0
-0.5729122237499178 -0.4442516075712757 -0.4883473993808294 -0.4324613888518903 -0.5281019897107625 -0.49278050797279715 -0.44807398393966963 -0.5209415657645938 -0.5871968080742075 -0.49379082621793 -0.44035805223503116 -0.6428421773389017 -0.48530175289518246 -1.0 -0.5100973704649864 -0.4803667115835321 -0.5819990954105684 -0.471761544264668 -0.6397911173819094 -0.42607271928675927 -0.5839684050117755 -0.60370102388099 -0.508961625458852 -0.5552939755490712 -0.6043751832262201 -0.4496803465211163 -0.5878594045505354 -0.5547143504106604 -0.4805046002299044 -0.5944721939552405 -0.6115336576426391 -0.46042905977882925 -0.4490467017254373 -0.4273351869330426 -0.6212722139428735 -0.5449931209699753 -0.38810558234164866 -0.45676581153414464 -0.46890817783642846 -0.4675895019498238 -0.5896695670713563 -0.46354595923967223 -1.0750871022862267 -0.502772709707308 -0.5627664902128704 -0.4114503045618266 -0.5436426837248303 -0.4438818959850211 -0.5432982600110546 -0.46701000416384303 -0.48393372381776617 -0.404317170359694 -0.5768490161082932 -0.601322445337999 -0.4477435665122472 -0.4572761755889704 -0.4484012702306905 -0.47591362200651377 -0.5008941322502558 -0.47838467337979684 -0.4279477427709912 -0.5175388599581363 -0.552868121564469 -0.4748969767408367 -0.379211264814074 -0.43909566316079984 -0.41883965048907223 -1.0750871022862267 -0.4415742849417541 -0.46111952219518715 -1.0750871022862267 -0.4373337523779185 -1.0750871022862267 -0.5349026548775421 -0.4329830699961559 -0.5349026548775421 -0.5137292316403266 -0.47473809574673803 -0.35704095601968494 -0.4599614147514807 -0.5113569354128571 -0.4196457888483708 -0.443508101207919 -0.5294806748707195 -0.4911866407535722 -0.8371282507565182 -0.4591156822096787 -0.3649148781884846 -0.5595441238682449 -0.496779138436031 -0.6142756491913367 -0.5147425146925837 -0.4897967205376077 -0.4014675734938326 -0.48524671918922413 -0.5254113728278296 -0.47591362200651377 -0.5269865975997035 0 -0.34433936302087126 0 0 0 0 0 0 0 0 0 0 0 0 0 0 0 0 0 0 0 0 0 0 0 0 0 0 0 0 0 0 0 0 0 0 0 0 0 0 0 0 0 0 0 0 0 0 0 0 0 0 0 0 0 0 0 0 0 0 0 0 0 0 0 0 0 0
-0.5418398651602304 -0.46888015461821825 -0.4310013612626935 -0.41451794292905547 -0.5015877080174485 -0.5176917720860675 -0.4727412651862473 -0.49512383758672135 -0.5141699721133863 -0.5187031745078376 -0.46494423443876415 -0.5083728654073595 -0.4628195564173988 -0.5100973704649864 -1.0 -0.4583290521131833 -0.5098293656385625 -0.49660594769778 -0.5578904703254035 -0.45047826419990306 -0.5378040964499088 -0.5279288815605855 -0.448454047959673 -0.48747122531774356 -0.5284901348711961 -0.47436306215183294 -0.5147230481937501 -0.5121154388453032 -0.4584545775537915 -0.5302089912290792 -0.4848149636580845 -0.4401441608568183 -0.47372338872672015 -0.4098059856142893 -0.5425377059131853 -0.47882165315923053 -0.37359238559734265 -0.4367954084155236 -0.44788633446423587 -0.4466830928820105 -0.5162337124287545 -0.4883411812110073 -1.0700005934890575 -0.47868282513693866 -0.4937369715851498 -0.3951752554417456 -0.47768664415955486 -0.42499892020019875 -0.47739712542800167 -0.4461542272181594 -0.5088271600512987 -0.42837123248615144 -0.5055249964133675 -0.5259481795928892 -0.47240761111791346 -0.4372620976821623 -0.4730717366239837 -0.4204466064061353 -0.46452405775250943 -0.4565243596577607 -0.45237925901466486 -0.49204905323174447 -0.485435527673313 -0.4533470699931747 -0.40274442681870887 -0.4636674787466462 -0.44313859212313544 -1.0700005934890575 -0.46617401621833576 -0.44077508302795065 -1.0700005934890575 -0.41899228005619943 -0.9706355231081201 -0.4266575288665527 -0.45748094710232995 -0.4703349488404551 -0.4317174192117066 -0.45320227906283955 -0.38001073131265733 -0.4397167946367685 -0.45047826419990306 -0.4439571166319947 -0.4246562395552751 -0.4657690789197129 -0.4334085803671977 -0.43059776670446565 -0.4061537299352955 -0.38809589056131666 -0.4910359140459011 -0.5216935528720212 -0.5469944108861594 -0.47681087932443983 -0.4322302888802929 -0.3859577994129357 -0.42837123248615144 -0.4623397055209506 -0.4204466064061353 -0.4636674787466462 0 -0.3669424212479563 0 0 0 0 0 0 0 0 0 0 0 0 0 0 0 0 0 0 0 0 0 0 0 0 0 0 0 0 0 0 0 0 0 0 0 0 0 0 0 0 0 0 0 0 0 0 0 0 0 0 0 0 0 0 0 0 0 0 0 0 0 0 0 0 0 0
-0.5084151306371502 -0.40446444700520495 -0.37326936179027875 -0.3946682379575192 -0.47281275556388563 -0.44430037657432064 -0.4076303791773067 -0.4670649981747859 -0.44143974018312304 -0.4451215160416183 -0.4012345396511355 -0.4788370699540762 -0.6135601603275447 -0.4803667115835321 -0.4583290521131833 -1.0 -0.43791112659776726 -0.427141695901185 -0.47680435457539144 -0.38934052102892397 -0.46059680118718266 -0.45260372584633074 -0.38767331808054845 -0.41968480985319445 -0.4530584487239389 -0.4089594150316543 -0.4418891236887788 -0.439769944214052 -0.6080784299092045 -0.4544507219777891 -0.45788059504290546 -0.4178303634076996 -0.40843526707104005 -0.39039442511397765 -0.4644224078244057 -0.4126108339828733 -0.35739214143926945 -0.4148113802279411 -0.4248012159641161 -0.4237186637542302 -0.4431162996636959 -0.5584033354661385 -0.8683678314458091 -0.4524070375256758 -0.4248012159641161 -0.3770944239595512 -0.4116816271938372 -0.4041579698410648 -0.4114445692976742 -0.5926014834037365 -0.43709594890563863 -0.37109409615142197 -0.43440881739737663 -0.45099855277571943 -0.40735689923373125 -0.581385619070207 -0.4079012316540228 -0.36453270378459196 -0.4008895756424064 -0.43256402399470023 -0.39090559090093474 -0.4643278739755426 -0.4180210830821398 -0.42971045512844525 -0.34983615448437444 -0.40018623239385526 -0.38329198292814853 -0.8683678314458091 -0.4022440130103718 -0.5704367298320684 -0.8683678314458091 -0.3987222213495513 -0.8683678314458091 -0.40565761139682655 -0.3951026771870684 -0.40565761139682655 -0.4102289996332397 -0.4295803666586898 -0.3308817567796941 -0.41744521183632766 -0.38934052102892397 -0.3839669810180767 -0.4038480614116204 -0.4019116466341518 -0.37525921491581615 -0.40921790246361245 -0.35267085859080854 -0.3376332453446082 -0.4225964405735405 -0.44754833925632986 -0.4680207894263218 -0.410964507109115 -0.37428534251005313 -0.3686921750819311 -0.37109409615142197 -0.39909573872055015 -0.36453270378459196 -0.40018623239385526 0 -0.3199446814830619 0 0 0 0 0 0 0 0 0 0 0 0 0 0 0 0 0 0 0 0 0 0 0 0 0 0 0 0 0 0 0 0 0 0 0 0 0 0 0 0 0 0 0 0 0 0 0 0 0 0 0 0 0 0 0 0 0 0 0 0 0 0 0 0 0 0
-0.5135332604579949 -0.4494333797044272 -0.588447023621594 -0.39774548018509515 -0.4772360585462137 -0.49408724434216683 -0.4529796422295068 -0.4713809200604931 -0.6778910699185537 -0.49500843614153633 -0.4458159137234919 -0.5801282627771733 -0.44200866270734485 -0.5819990954105684 -0.5098293656385625 -0.43791112659776726 -1.0 -0.4748446937433702 -0.6097540436620604 -0.43249870406281427 -0.5511290454985812 -0.5480611132742224 -0.49489730037408214 -0.6442062716296577 -0.6787930719030592 -0.454468470303349 -0.564713065895695 -0.5259918783262008 -0.43802571578586896 -0.5394572600969613 -0.5853344930683118 -0.4212809751603979 -0.4538812938112533 -0.3934051278497032 -0.5937740949835375 -0.6332593421260274 -0.35991369164928466 -0.4182121052393008 -0.4283684158625796 -0.42726762975633675 -0.8673328412481139 -0.467282866211923 -0.9738410269743552 -0.45645514197215004 -0.5426921638479121 -0.3799027452729064 -0.649495386382559 -0.4073855798468401 -0.8948812567095111 -0.42678371521106756 -0.48600627051231426 -0.41208114369943477 -0.8501428821073161 -0.7120775810162381 -0.45267329103321186 -0.41863990953552505 -0.45328305341102215 -0.4651437599250006 -0.47912021934098975 -0.43626335665482846 -0.434250686428728 -0.46859312822675875 -0.5339588414550857 -0.433360934791876 -0.38831227560224224 -0.444641918660546 -0.42572882195445133 -0.9738410269743552 -0.44694646482658945 -0.4218589419905279 -0.9738410269743552 -0.4018632579317452 -0.8834057666820059 -0.5180397818522241 -0.43894955538452735 -0.5180397818522241 -0.4708503758385304 -0.4332286270168941 -0.3671358547934777 -0.4208894388275874 -0.6139775399614483 -0.42648423961194293 -0.4070707037164866 -0.5132180572780698 -0.5916072095071644 -0.49510005718925715 -0.5557480905274249 -0.3746770036190695 -0.5398519900556921 -0.49773113226277993 -0.5984173035058384 -0.4912589913692181 -0.5900605226992268 -0.37137629772887004 -0.8064769201823866 -0.5095939516185939 -0.5745748359392996 -0.8463693914810557 0 -0.35492383193026983 0 0 0 0 0 0 0 0 0 0 0 0 0 0 0 0 0 0 0 0 0 0 0 0 0 0 0 0 0 0 0 0 0 0 0 0 0 0 0 0 0 0 0 0 0 0 0 0 0 0 0 0 0 0 0 0 0 0 0 0 0 0 0 0 0 0
-0.49878579287704217 -0.4391256947647948 -0.4057306301630411 -0.38884092922511415 -0.4644737504871472 -0.48165787011703226 -0.4425105441370884 -0.4589257622137736 -0.4786078326389847 -0.6941730067580711 -0.7409260205661015 -0.47028613083115056 -0.43103927411259524 -0.471761544264668 -0.49660594769778 -0.427141695901185 -0.4748446937433702 -1.0 -0.5162682069327414 -0.4229449164813912 -0.4990208494395071 -0.490507289765921 -0.42116008945269023 -0.4553911802685424 -0.4909917590841781 -0.7549727649201714 -0.4790870127134661 -0.47682717919804335 -0.4272507175692869 -0.4924750079008669 -0.4500556315923042 -0.4113046574252577 -0.754019922360516 -0.3846917276357814 -0.5030937707829605 -0.4478337646150604 -0.5518059428195576 -0.4083789090935684 -0.4180577081468935 -0.4170092106727323 -0.48039547519867676 -0.4561503126064297 -0.9267066978512473 -0.44476647602282476 -0.6629862842791386 -0.5817964173816423 -0.44684075823477526 -0.39804922744555515 -0.446587412832446 -0.41654824159018383 -0.47397519513511505 -0.40339904792784054 -0.4711086265184466 -0.48879698015872597 -0.7520594523783134 -0.4087868226199756 -0.7530490670936144 -0.3963638465494131 -0.4353026653274687 -0.4255738306238757 -0.7221313987297977 -0.456282933061008 -0.45361411285098097 -0.42281144888773853 -0.6472572480871622 -0.7390191760647963 -0.7082683251219944 -0.9267066978512473 -0.6283109413402278 -0.4118555569095878 -0.9267066978512473 -0.3927754848906644 -0.8406485434775068 -0.39950379664211194 -0.4291118883094944 -0.4404014579431122 -0.4039367833904558 -0.42268550341751143 -0.36022849895497455 -0.4109314371852875 -0.4229449164813912 -0.7094976999823733 -0.39774861310206217 -0.4363957901319599 -0.4078631433830501 -0.4029564283119712 -0.38363665805176034 -0.6249655540086392 -0.4585006327553844 -0.697894427270848 -0.5069237165137728 -0.4460743533174433 -0.40681949008242285 -0.363601753307571 -0.40339904792784054 -0.4333839197709209 -0.3963638465494131 -0.4345503774963206 0 -0.501301234916714 0 0 0 0 0 0 0 0 0 0 0 0 0 0 0 0 0 0 0 0 0 0 0 0 0 0 0 0 0 0 0 0 0 0 0 0 0 0 0 0 0 0 0 0 0 0 0 0 0 0 0 0 0 0 0 0 0 0 0 0 0 0 0 0 0 0
