0.0 1.1746909 0.8306431 1.0817987 0.2098023 1.0312576 0.4676593 0.2599094 1.6027211 0.9573437 0.5738595 0.352758 1.2154956 1.4919287 1.3861588 2.2167057 1.0099384 0.0748583 0.9968068 0.6566735 0.3579813 0.4507507 0.5098851 0.5970052 0.3454329 1.1552767 0.3203095 0.1069009 0.2098023 0.8205935 0.9968933 0.4368049 1.3666846 1.6886153 0.9573437 0.6921065 0.2838777 0.9573437 1.3984184 0.2327964 0.0436529 2.860498 1.0033443 0.3003775 0.6785273 1.2124716 0.655405 0.8783226 0.5211484 0.4770772 3.3874432 2.9984636 3.5083486 3.4943612 3.4133892 2.8670711 3.0255979 2.9436652 3.2259813 2.739931 3.8194702 2.7616001 3.6223515 3.0607593 2.4169343 3.1404352 2.7037524 2.7435625 4.084715 3.0224763 3.0045718 2.8881385 3.7802739 3.0374041 3.0191551 3.1484219 3.5676077 3.6270972 3.0163484 2.7127385 3.158377 3.0846284 2.8098635 3.5122836 2.607423 2.7188732 3.3139961 3.807338 2.4397525 3.133778 3.0127797 2.9270327 2.9942474 3.1534577 2.8876194 2.450029 2.6419587 2.9140174 2.7294458 2.7473 4.1284691 3.6246117 4.4711572 3.7446909 4.1379962 5.0266958 3.3387442 4.5685603 4.439928 4.7480748 3.6353282 3.9748863 4.1497996 3.8952479 3.8476876 3.8601551 3.7443461 5.1298025 5.5967912 4.1620921 4.3237381 3.4128096 5.1637339 3.7282596 4.0012185 4.2514933 3.5339961 3.3136864 4.1104171 4.1296185 4.7071726 5.0476284 4.1822874 3.4697008 3.7061447 5.0768249 3.886248 3.6125501 3.2248782 4.1214671 4.281979 4.1715577 3.6246117 4.3227816 4.3006306 4.1368892 4.0751143 3.7929185 3.6765696 3.2667901
1.1746909 0.0 0.4390631 0.2320138 1.3641021 2.1740114 0.8135962 0.9149723 0.5085955 0.2306757 1.7277197 0.8489059 0.1477655 0.6214099 2.5475838 3.3818054 2.1722718 1.1743015 2.0953629 1.831074 1.0993873 1.6122023 1.335604 0.807245 0.8297951 0.1378483 0.9220595 1.2101868 0.9935073 0.3862835 0.1810481 1.1297087 2.538092 2.8624629 0.2306757 0.4872912 1.3410193 0.2306757 0.4166427 0.9518562 1.1410786 1.6860152 0.5127029 1.1592494 1.82744 0.0381532 1.8299446 0.4278497 1.686737 0.6979537 3.5333651 3.0852639 3.5626707 2.7175389 3.1900198 2.4717212 3.1772117 1.9869288 3.0897056 2.1245706 2.8033936 2.5946582 2.8648633 2.8427086 2.0612232 3.1833128 2.4784031 2.2439021 3.4435157 2.3349962 3.0162768 2.5699137 3.3266882 2.726267 2.8490631 3.0955483 3.3893966 3.5825156 2.782148 2.0783545 2.3874444 2.2923755 2.3255613 3.1431714 2.3380399 2.9365134 3.3496614 3.208121 2.1985427 2.4562509 2.403972 2.7943385 2.4393355 2.1886429 2.3776741 2.2279102 2.3270788 2.7071999 1.8537927 2.3394279 4.2200908 3.2399408 4.4600128 3.5767176 4.0660378 5.051365 2.60682 4.516765 4.088734 5.0593761 3.7066655 3.6924838 4.1122521 3.3785309 3.5567665 3.912136 3.6718958 5.5482238 5.434943 3.5052161 4.4129172 3.0614995 5.0945424 3.41978 4.1420476 4.3711086 3.2756606 3.1887748 3.899912 4.1325551 4.6110191 5.4909835 3.9747698 3.217833 3.2878764 5.1124253 4.0533173 3.5986203 3.084539 4.1577095 4.2934181 4.2090238 3.2399408 4.4006107 4.4290132 4.090886 3.6534747 3.7232852 3.8452442 3.1108322
0.8306431 0.4390631 0.0 0.2646831 0.993463 1.8609457 0.4006584 0.5817598 0.7771039 0.2215376 1.4040402 0.4787869 0.416291 0.6767677 2.2154307 3.0430787 1.83966 0.8515444 1.8126271 1.4767762 0.875489 1.2813834 0.9043611 0.693266 0.5005624 0.5026149 0.6643908 0.8931194 0.6935425 0.0992255 0.2780007 0.9330672 2.1603533 2.5048472 0.2215376 0.2063716 1.0543024 0.2215376 0.567779 0.6422918 0.7906727 2.0695892 0.2331793 0.9102706 1.5082628 0.4744134 1.4691702 0.0533191 1.3513537 0.386321 3.6674992 3.2332296 3.7287506 3.1175892 3.4421991 2.7658734 3.3041488 2.4164693 3.3125884 2.4771263 3.2412719 2.8186603 3.2616549 3.0879829 2.333494 3.3479659 2.7189646 2.5651879 3.8168851 2.710086 3.1887748 2.8420148 3.6494114 2.9989441 3.0789995 3.2910809 3.6298434 3.7819953 3.0315384 2.4354125 2.7834952 2.6924084 2.6438365 3.4394136 2.5896409 3.0357666 3.5192484 3.5692439 2.4373179 2.8302367 2.7591033 3.0110687 2.780006 2.6202043 2.7044362 2.4611945 2.5930487 2.9464439 2.2677064 2.6348364 4.38041 3.5418924 4.6568506 3.8160911 4.2794915 5.2403855 2.9957405 4.7273469 4.38845 5.1483153 3.8686838 3.9685335 4.3148853 3.7192155 3.8340721 4.0829821 3.8815587 5.5998358 5.6858859 3.8827679 4.5757157 3.3514059 5.3145041 3.700972 4.2846974 4.523127 3.539855 3.4094276 4.1558458 4.3219924 4.8365778 5.5327383 4.2304385 3.4792949 3.6001263 5.2981713 4.1859629 3.7881226 3.3086631 4.3362387 4.4814292 4.3876008 3.5418924 4.5671739 4.5784855 4.2960994 3.9700537 3.9325912 3.9751591 3.3404066
1.0817987 0.2320138 0.2646831 0.0 1.2529931 2.106913 0.6651585 0.8259834 0.5211484 0.1714873 1.6519669 0.7343211 0.1559086 0.4942467 2.4678847 3.2981604 2.0915796 1.0956209 2.047964 1.7337698 1.0786657 1.5310649 1.1639819 0.836262 0.7414571 0.3486934 0.878348 1.1355581 0.926617 0.2628844 0.1839686 1.1245993 2.4229899 2.7639975 0.1714873 0.4019549 1.2868189 0.1714873 0.3338962 0.8783226 1.043509 1.8049063 0.2812589 1.1253252 1.7551326 0.25681 1.7277197 0.2327964 1.6027211 0.6154967 3.6993229 3.2557181 3.7407009 2.9490922 3.3963113 2.6887011 3.3397258 2.2101237 3.2867128 2.3533785 3.014604 2.7911303 3.096626 3.0464205 2.2714177 3.3602049 2.6799652 2.4670075 3.6750811 2.5664764 3.1957298 2.7811019 3.5510503 2.93786 3.0479594 3.2833514 3.5923737 3.7723999 2.9870203 2.3077787 2.6193054 2.5240126 2.5481129 3.3614518 2.5427287 3.0873827 3.5286474 3.4385686 2.3988501 2.6876836 2.6333505 2.9888096 2.6664644 2.4099982 2.6020972 2.4265231 2.5360529 2.908803 2.083644 2.5565238 4.3968191 3.4596806 4.6498994 3.7795727 4.2611318 5.239017 2.8388333 4.7112968 4.3084923 5.2091245 3.8834063 3.9060333 4.3037904 3.6062112 3.7705427 4.0923563 3.8653255 5.6826708 5.6425086 3.7370161 4.5907469 3.278115 5.2925008 3.6344711 4.3120918 4.5449207 3.4855502 3.3852028 4.1080143 4.3196003 4.8104496 5.6211134 4.1828548 3.4268764 3.5100049 5.2989858 4.2194286 3.7850784 3.281942 4.3409514 4.4801227 4.3923345 3.4596806 4.5797987 4.6019324 4.2832707 3.8767552 3.9166549 4.0100292 3.3100311
0.2098023 1.3641021 0.993463 1.2529931 0.0 0.9018003 0.602899 0.4543843 1.7705329 1.1410786 0.4554514 0.5198189 1.3936512 1.6324517 1.2309934 2.0522026 0.8593593 0.2553227 0.9037624 0.4857265 0.5334503 0.3331911 0.4276037 0.8035438 0.5371397 1.3533764 0.5295805 0.2524381 0.4196045 0.9968933 1.1841675 0.6022795 1.1743889 1.5114243 1.1410786 0.8772822 0.3445117 1.1410786 1.5576513 0.4399765 0.2306757 3.0466575 1.1411755 0.4600662 0.5584867 1.4021623 0.4759246 1.0372009 0.386321 0.6680334 3.4978456 3.1221873 3.6313818 3.6988441 3.5730966 3.0484687 3.1392135 3.1534577 3.3770583 2.9384023 4.0291208 2.9211367 3.825642 3.2228599 2.5992954 3.2688234 2.8703457 2.9343309 4.2798165 3.2237642 3.1388668 3.0622319 3.9612401 3.20949 3.1762395 3.2897601 3.7208981 3.7629534 3.1806317 2.9124487 3.3633197 3.2906124 2.9990029 3.6866965 2.7796251 2.8263219 3.4415743 4.0002153 2.6112512 3.334116 3.2094713 3.080703 3.1874083 3.3632515 3.0781612 2.6194644 2.8181603 3.0763211 2.9384584 2.9307837 4.2410247 3.7998902 4.5967014 3.8954814 4.2739155 5.1442301 3.5413913 4.6992754 4.6079037 4.8203349 3.7547359 4.1375753 4.2809585 4.0812648 4.0120243 3.9805874 3.8830105 5.1801224 5.7380119 4.3580998 4.4353786 3.5860943 5.2940923 3.8951838 4.1070643 4.3589062 3.6967316 3.462575 4.2640749 4.2552305 4.8432333 5.0934991 4.3351936 3.6321766 3.8842033 5.1925099 3.9888091 3.7443461 3.3764578 4.2423301 4.405405 4.2919091 3.7998902 4.4361531 4.4063507 4.2692933 4.2517751 3.9308511 3.7806325 3.4198675
1.0312576 2.1740114 1.8609457 2.106913 0.9018003 0.0 1.4919287 1.2813834 2.6277501 1.9707218 0.4574948 1.384002 2.2329522 2.5219004 0.3908765 1.2173429 0.1323007 1.011346 0.1969375 0.4500601 1.0992067 0.5817598 1.2465975 1.4337837 1.365497 2.1294687 1.2526705 0.9714531 1.1839656 1.8441148 2.0038581 1.0994831 0.6205959 0.7613624 1.9707218 1.7086795 0.8340013 1.9707218 2.4283688 1.2298946 1.0725304 3.8513759 2.0316699 1.0266704 0.352758 2.2104712 0.4815703 1.9092644 0.5172295 1.4924669 3.2414873 2.9501104 3.4337074 4.1020887 3.5879286 3.2368903 2.9147142 3.7165577 3.3459464 3.2863 4.6076428 2.9639004 4.2080063 3.2672373 2.8181489 3.1142588 2.9615223 3.2060269 4.5531577 3.5949099 3.0224077 3.1954976 4.1145142 3.3219235 3.1908232 3.2054623 3.6902254 3.6293199 3.2411616 3.2753788 3.7821645 3.7290596 3.2534236 3.7980943 2.9139114 2.5887681 3.2751801 4.2572083 2.7506908 3.6900836 3.528178 3.0788241 3.4712973 3.9225244 3.3417999 2.7443807 2.9787353 3.1288082 3.4575864 3.1410252 3.9712444 3.91411 4.3841993 3.8438286 4.125241 4.8796643 3.9214351 4.5119649 4.6488515 4.3567604 3.5339961 4.1540335 4.1060499 4.2732593 4.0429644 3.7577817 3.7610628 4.6259245 5.5905368 4.6395012 4.1562119 3.6926453 5.0934365 3.9470789 3.8083283 4.0610787 3.7268795 3.4148631 4.2193929 4.051468 4.6820998 4.5242993 4.2840403 3.6628461 4.0168935 4.9178638 3.6778437 3.5891112 3.3484041 4.0142747 4.1863835 4.0599285 3.91411 4.1654844 4.0992606 4.1014412 4.3640528 3.8032765 3.483318 3.3991274
0.4676593 0.8135962 0.4006584 0.6651585 0.602899 1.4919287 0.0 0.2735606 1.1743015 0.582921 1.0352451 0.145131 0.8144169 1.0312576 1.8330184 2.6549239 1.4595516 0.5085955 1.46442 1.0886205 0.6393686 0.910391 0.5292184 0.6261277 0.2344812 0.839381 0.4377357 0.5522483 0.402439 0.4277448 0.6345259 0.717035 1.7614235 2.1108432 0.582921 0.3493746 0.7304917 0.582921 0.9567819 0.3511566 0.4244125 2.4698798 0.5401444 0.6407505 1.1404727 0.8512658 1.0779985 0.4395298 0.9757966 0.2434644 3.6362366 3.2211119 3.7271844 3.3825523 3.5299365 2.9073899 3.2711111 2.7374624 3.3722238 2.6878552 3.5852959 2.8875266 3.5207983 3.1735446 2.4613122 3.3500214 2.8062754 2.7393548 4.0398035 2.9447858 3.200808 2.9591292 3.8114647 3.1141037 3.1492117 3.3239189 3.7032708 3.8124391 3.1221788 2.6520521 3.0453738 2.9608305 2.8133541 3.5739343 2.6907045 2.981488 3.5236733 3.7780472 2.5291367 3.0621663 2.9687409 3.0692421 2.9724666 2.9448372 2.8823079 2.5470113 2.7085664 3.0282117 2.5612507 2.780006 4.3667572 3.6815884 4.676749 3.8863938 4.3190382 5.2486811 3.2457667 4.7605157 4.5185472 5.0621974 3.8616177 4.0759087 4.3432735 3.9017375 3.9440315 4.0822232 3.9210625 5.4777602 5.7553666 4.1109017 4.5628582 3.4800605 5.3535424 3.8164108 4.2549881 4.5003213 3.6389497 3.4655041 4.2401877 4.3372231 4.8842414 5.402356 4.313879 3.5762319 3.7507262 5.3028893 4.1477017 3.8086595 3.3695987 4.3406338 4.4939281 4.3916048 3.6815884 4.558025 4.5528056 4.3272271 4.1223538 3.9712118 3.9364265 3.4063869
0.2599094 0.9149723 0.5817598 0.8259834 0.4543843 1.2813834 0.2735606 0.0 1.3471059 0.6977064 0.8259834 0.1291305 0.9567819 1.2534286 1.6428901 2.4748199 1.266518 0.270241 1.2313028 0.9165819 0.3679372 0.7054478 0.5920062 0.4367689 0.0856127 0.8991771 0.1827075 0.311401 0.1291305 0.5635772 0.7369847 0.4478764 1.6245826 1.9484976 0.6977064 0.432549 0.476603 0.6977064 1.147719 0.0777264 0.226588 2.6006422 0.772642 0.3674954 0.9292653 0.9528044 0.9149723 0.6317568 0.7779007 0.2171741 3.3941102 2.9870203 3.495294 3.3084907 3.3381942 2.7493405 3.0294714 2.7219223 3.1675255 2.577409 3.5904661 2.6900893 3.4409396 2.9826117 2.2995511 3.1207821 2.6187766 2.6032742 3.9286955 2.8496609 2.9761295 2.786534 3.6601732 2.9393038 2.950761 3.1073804 3.5036617 3.5929995 2.934174 2.5462949 2.9712396 2.8929895 2.6735373 3.4073416 2.5114872 2.733979 3.2947171 3.6579958 2.3464868 2.9639004 2.854779 2.8654757 2.8464506 2.9313984 2.7473 2.3610096 2.5371733 2.8362635 2.5200735 2.6252761 4.1289514 3.5174523 4.450782 3.6845674 4.1019641 5.0172715 3.1602841 4.5397357 4.3455593 4.8025279 3.6273163 3.8920383 4.1214671 3.7630984 3.7620504 3.8496766 3.7051262 5.2108006 5.5486168 4.0033624 4.3249604 3.3106071 5.1341032 3.6379291 4.0119907 4.2591512 3.4525415 3.2587132 4.0439561 4.1101587 4.6693393 5.1341412 4.1169714 3.3889948 3.5927225 5.0700781 3.9021749 3.5851425 3.1655242 4.10941 4.2654547 4.160124 3.5174523 4.3214339 4.3105959 4.1065904 3.9637151 3.7547359 3.6911727 3.2045266
1.6027211 0.5085955 0.7771039 0.5211484 1.7705329 2.6277501 1.1743015 1.3471059 0.0 0.6644396 2.1730831 1.2538186 0.4036239 0.336551 2.9888745 3.8185898 2.612608 1.6165915 2.5656528 2.2531807 1.5843492 2.0522026 1.6425484 1.3101783 1.2624666 0.6209591 1.3916886 1.6563029 1.4459173 0.7836908 0.6422918 1.6226499 2.9357196 3.2819421 0.6644396 0.920158 1.8047982 0.6644396 0.2327964 1.3984184 1.5641206 1.3192055 0.6766882 1.6367096 2.2761559 0.4833935 2.2461228 0.7349102 2.1237544 1.1355581 3.9635033 3.5101386 3.9710869 2.8183633 3.5269729 2.772624 3.6143538 1.99218 3.4565445 2.3478464 2.7127385 2.9675023 2.971833 3.1915213 2.3979883 3.595975 2.8379696 2.5138506 3.5977457 2.5075369 3.4249924 2.8949702 3.573276 3.0477847 3.2125831 3.4857899 3.7360031 3.9647374 3.1277488 2.2949897 2.5076351 2.4041241 2.5976575 3.4294029 2.6896045 3.3907585 3.757286 3.3908958 2.5655904 2.6278817 2.6144056 3.1705545 2.6740745 2.1739036 2.6359602 2.5993559 2.6639653 3.0640518 1.9366041 2.6418121 4.6283337 3.5172646 4.8382159 3.9224445 4.4322409 5.4331076 2.7400676 4.8825913 4.3595319 5.5088488 4.116933 3.99705 4.4876914 3.59577 3.8612927 4.3145279 4.0446014 6.0148528 5.7557882 3.6494114 4.8183077 3.3570164 5.4485498 3.721221 4.5629865 4.7844452 3.5985818 3.5564711 4.2253383 4.5189453 4.9623086 5.9620161 4.2998294 3.5444958 3.550326 5.4966066 4.4812442 3.9888904 3.450306 4.5526478 4.6799619 4.6036104 3.5172646 4.8032799 4.843833 4.4642329 3.9050664 4.0958672 4.2760479 3.471214
0.9573437 0.2306757 0.2215376 0.1714873 1.1410786 1.9707218 0.582921 0.6977064 0.6644396 0.0 1.5194334 0.6228564 0.2628844 0.6657308 2.3386104 3.1716217 1.9624298 0.9629345 1.9026854 1.6137682 0.920841 1.4011774 1.1058577 0.6663822 0.6120938 0.2811181 0.7275837 1.0008551 0.7867577 0.1559086 0.0565129 0.9624508 2.315428 2.6457897 0.0 0.2652425 1.1427278 0.0 0.4991021 0.7415776 0.9218289 1.9056089 0.3691951 0.97227 1.6210048 0.2683844 1.6108153 0.22657 1.474604 0.4811772 3.5443388 3.1032117 3.5918264 2.8986554 3.2698606 2.577073 3.1834884 2.19534 3.1515064 2.2692222 3.0235085 2.656156 3.0433777 2.9177358 2.1514756 3.2110018 2.5497694 2.3669208 3.6042544 2.4964064 3.0481634 2.6612381 3.451947 2.8182364 2.9147055 3.141054 3.4622982 3.6311207 2.8596109 2.2261947 2.5651926 2.4733366 2.4466767 3.2508237 2.4159259 2.9268773 3.3804918 3.3598478 2.268056 2.6169225 2.5507967 2.8518799 2.5759752 2.3993983 2.504634 2.2941168 2.4139946 2.7782557 2.0466017 2.4453566 4.2468068 3.3514059 4.5080434 3.649198 4.1234776 5.0953222 2.7789963 4.5729223 4.1994404 5.0472993 3.7337057 3.7877952 4.1633451 3.5160129 3.65274 3.9445136 3.726638 5.5165864 5.5158994 3.6690778 4.4412507 3.1649642 5.1566805 3.5180761 4.1586676 4.3932743 3.3630834 3.249395 3.9828789 4.1759459 4.6761519 5.4541104 4.0576417 3.3034759 3.4061412 5.1545304 4.0642149 3.641395 3.1470801 4.1948018 4.3361453 4.246199 3.3514059 4.4310815 4.4497998 4.1434765 3.7748942 3.7778798 3.8543353 3.1767141
0.5738595 1.7277197 1.4040402 1.6519669 0.4554514 0.4574948 1.0352451 0.8259834 2.1730831 1.5194334 0.0 0.926617 1.780745 2.0645541 0.8198891 1.6541168 0.4448907 0.5569313 0.4500601 0.1969375 0.6868283 0.1251028 0.8429628 1.0230822 0.9107128 1.6911384 0.8122599 0.5186004 0.7343211 1.3894702 1.554653 0.7077856 0.878723 1.1480857 1.5194334 1.2558371 0.4036028 1.5194334 1.9716817 0.7779007 0.6150369 3.4107904 1.5745927 0.606833 0.1052371 1.7647149 0.2320138 1.45208 0.0777264 1.0392258 3.2740611 2.934174 3.4359589 3.815701 3.4808975 3.0418957 2.9267938 3.3611862 3.2601307 3.018639 4.2496533 2.8367675 3.9313529 3.142573 2.604041 3.0906444 2.8103853 2.9719429 4.3275365 3.3194625 2.9776672 3.0264688 3.9431301 3.1642518 3.0803283 3.1457474 3.6070264 3.5989981 3.1082086 3.0009816 3.4871573 3.4252934 3.027742 3.644872 2.7411976 2.604198 3.259366 4.037649 2.5733278 3.4220265 3.2755899 2.9754692 3.2340419 3.5696777 3.1127002 2.5739494 2.7941778 2.9986903 3.1184076 2.9347629 4.0160875 3.7603256 4.4002105 3.7724529 4.1060287 4.9257715 3.6442165 4.5151501 4.5353239 4.5119915 3.5494365 4.0501019 4.1005935 4.0843062 3.9311006 3.7758624 3.7255439 4.8349391 5.5768173 4.4105588 4.2071492 3.5410024 5.1060713 3.8241566 3.8681391 4.1217631 3.6132426 3.3381617 4.1467912 4.0610787 4.6722085 4.741982 4.2151074 3.5484627 3.8548247 4.9695705 3.7436423 3.569898 3.2610491 4.036724 4.2049025 4.084747 3.7603256 4.2118314 4.1652359 4.0922192 4.213946 3.770994 3.5402932 3.3085001
0.352758 0.8489059 0.4787869 0.7343211 0.5198189 1.384002 0.145131 0.1291305 1.2538186 0.6228564 0.926617 0.0 0.8738323 1.1404727 1.7366529 2.5649072 1.3608814 0.3812584 1.344272 0.999525 0.4943065 0.8033011 0.5560014 0.5096094 0.0992255 0.8512658 0.295531 0.4244125 0.2582609 0.4770772 0.6680334 0.5724033 1.6933363 2.0298181 0.6228564 0.3620962 0.5976047 0.6228564 1.0464049 0.2063716 0.3120893 2.5276905 0.6543308 0.4966173 1.0312576 0.8870584 0.9935073 0.5257689 0.8727123 0.1752367 3.5029509 3.0913396 3.598526 3.3313456 3.4200823 2.8135438 3.1379747 2.7160639 3.2561271 2.6174709 3.5756564 2.7746433 3.4667164 3.0639177 2.3652442 3.2224862 2.6980785 2.6562034 3.9700943 2.8824261 3.0753195 2.8582225 3.721496 3.0122262 3.035984 3.2022401 3.589713 3.6895469 3.0139296 2.5839907 2.9938392 2.9124487 2.7284194 3.4763093 2.5863987 2.8457249 3.3963113 3.7036818 2.4230485 2.9983207 2.8968716 2.953457 2.894549 2.9247868 2.7998241 2.4393355 2.6080544 2.9180221 2.5261919 2.6876836 4.235513 3.5852199 4.5509786 3.7718357 4.1973636 5.1204593 3.1885942 4.6371778 4.4181379 4.9214899 3.7318871 3.9700537 4.2193874 3.8181074 3.8390495 3.9533297 3.7998358 5.3342404 5.6388164 4.0430371 4.4315959 3.380989 5.2309143 3.7130835 4.1213993 4.3675767 3.5317088 3.3484518 4.1284083 4.2108924 4.7636893 5.2583985 4.2017937 3.4685656 3.6574095 5.1740271 4.0129794 3.6838702 3.2537964 4.2123865 4.3669701 4.263247 3.5852199 4.4273549 4.4196006 4.2038844 4.0288793 3.8497438 3.8017998 3.2916494
1.2154956 0.1477655 0.416291 0.1559086 1.3936512 2.2329522 0.8144169 0.9567819 0.4036239 0.2628844 1.780745 0.8738323 0.0 0.4746233 2.5992911 3.4315985 2.2229708 1.2238921 2.1655219 1.8707432 1.1808712 1.6616892 1.3188336 0.9102706 0.8713141 0.2855993 0.9901889 1.2623724 1.0491089 0.3967664 0.2388075 1.2191727 2.5665012 2.9024001 0.2628844 0.5249404 1.4056045 0.2628844 0.2735606 1.0032745 1.178765 1.6564868 0.4202014 1.2341652 1.8827367 0.1497165 1.8663807 0.3879869 1.7346028 0.7415776 3.680761 3.2328767 3.7104322 2.8235072 3.3339832 2.6112109 3.3243233 2.0685417 3.2359244 2.2519433 2.8645773 2.7410546 2.9724666 2.9875045 2.204213 3.3310777 2.6238295 2.3788754 3.5614029 2.4539953 3.1640291 2.7122717 3.4598444 2.8683965 2.9949717 3.2429177 3.5342757 3.7296583 2.9266372 2.2044576 2.4964064 2.3992735 2.4610005 3.2815689 2.4827172 3.082291 3.4974154 3.3308122 2.3443292 2.5754232 2.5299144 2.9410067 2.5693665 2.2665345 2.5112071 2.3740213 2.4703959 2.8525571 1.9524372 2.4789158 4.3678561 3.3772815 4.6071016 3.7215982 4.2124658 5.1986463 2.7190524 4.6632473 4.2258438 5.2052529 3.854431 3.8334505 4.259173 3.5072383 3.6976503 4.0598588 3.8186056 5.6916749 5.5781782 3.6213161 4.5606755 3.2009715 5.2403855 3.560227 4.2896821 4.518853 3.4183332 3.335079 4.0431338 4.279923 4.7565942 5.6335902 4.117986 3.3608433 3.4232575 5.2597955 4.2007498 3.7460588 3.2306883 4.3053176 4.4408057 4.3566272 3.3772815 4.5483495 4.5767413 4.2377024 3.7876594 3.8699987 3.9925799 3.2566329
1.4919287 0.6214099 0.6767677 0.4942467 1.6324517 2.5219004 1.0312576 1.2534286 0.336551 0.6657308 2.0645541 1.1404727 0.4746233 0.0 2.8634326 3.6811845 2.4906628 1.520556 2.4839492 2.1176399 1.5489757 1.9401499 1.4341157 1.3279133 1.1748878 0.7584365 1.3400245 1.5631133 1.3692471 0.7254088 0.6720193 1.6020964 2.7669366 3.1301831 0.6657308 0.8672524 1.7289548 0.6657308 0.211349 1.3173848 1.4499477 1.5875443 0.4913365 1.5866234 2.1696261 0.6157891 2.1048431 0.6244876 2.0067104 1.063042 4.154562 3.7059186 4.1809933 3.1457474 3.782735 3.0440421 3.7986168 2.3273809 3.6951494 2.6462535 3.0467959 3.2015899 3.2986015 3.4402662 2.6510949 3.802237 3.0798511 2.7970037 3.9171804 2.8203524 3.6343244 3.1555067 3.8677054 3.3104272 3.4528419 3.7089954 3.9868426 4.1939482 3.3781456 2.5951613 2.8311689 2.7287731 2.8803067 3.7086736 2.9356948 3.5567485 3.9677042 3.7035494 2.8023674 2.9413174 2.9176809 3.4028293 2.970153 2.5101399 2.923877 2.8335351 2.9178849 3.3079844 2.263982 2.9121623 4.8386653 3.8003006 5.0707654 4.1740132 4.6722723 5.6635536 3.0618947 5.1231888 4.6464015 5.6797301 4.3254147 4.2693556 4.7218486 3.899539 4.13342 4.5293552 4.2801756 6.1637806 6.0220306 3.970918 5.0309966 3.6322307 5.6966751 3.994511 4.7625567 4.9906277 3.8616177 3.7946785 4.487993 4.7456821 5.2117049 6.1045358 4.5627532 3.8055821 3.8390963 5.7253855 4.6744473 4.2125199 3.6895613 4.773241 4.9066857 4.8244902 3.8003006 5.0181082 5.0487783 4.699741 4.1983376 4.3315679 4.4665145 3.7137528
1.3861588 2.5475838 2.2154307 2.4678847 1.2309934 0.3908765 1.8330184 1.6428901 2.9888745 2.3386104 0.8198891 1.7366529 2.5992911 2.8634326 0.0 0.8344932 0.3763736 1.3756758 0.5472597 0.7466903 1.4857039 0.9376026 1.5165338 1.8215916 1.7281658 2.5089262 1.6300073 1.338179 1.5542078 2.2061838 2.3744005 1.488975 0.4204342 0.3842101 2.3386104 2.0744018 1.2140615 2.3386104 2.7828357 1.5973996 1.4251059 4.2298363 2.372129 1.41113 0.7209579 2.5845425 0.7631126 2.2617609 0.8651837 1.8577909 3.452528 3.1971649 3.6634865 4.4738129 3.882882 3.5770383 3.1439565 4.1048831 3.6308977 3.6538646 4.9959607 3.2741914 4.576404 3.5738321 3.1685083 3.3642364 3.2835972 3.5620791 4.9015901 3.9641727 3.2864555 3.5243101 4.4398503 3.6446011 3.4905787 3.4765659 3.9710958 3.8785936 3.5521921 3.645134 4.1570352 4.1064804 3.6060626 4.115946 3.2463018 2.8207561 3.5184479 4.6038598 3.0863615 4.056686 3.8898577 3.3757212 3.8275223 4.3103718 3.6953944 3.077059 3.3158999 3.4392481 3.8434713 3.4864241 4.1663183 4.2316787 4.5969148 4.1167403 4.3636218 5.0676572 4.2905596 4.7328074 4.9418661 4.4599571 3.7538357 4.4439351 4.335405 4.6063152 4.3378638 3.9737451 4.0125835 4.6774393 5.8177927 4.9891182 4.3453372 4.0102541 5.304559 4.2484993 3.9937503 4.2436773 4.0245427 3.6940459 4.4907471 4.2709439 4.9109005 4.5680886 4.5528291 3.9613093 4.3381008 5.1014666 3.8600087 3.8315934 3.6342039 4.2250789 4.3986781 4.2687087 4.2316787 4.3579277 4.2775566 4.3333561 4.6778237 4.0524202 3.674058 3.6863624
2.2167057 3.3818054 3.0430787 3.2981604 2.0522026 1.2173429 2.6549239 2.4748199 3.8185898 3.1716217 1.6541168 2.5649072 3.4315985 3.6811845 0.8344932 0.0 1.2096021 2.2089171 1.3398066 1.5668381 2.3165363 1.7705329 2.2932199 2.6509011 2.5602905 3.3432546 2.464437 2.1719515 2.3883189 3.0372991 3.2080951 2.315428 0.9624508 0.5684398 3.1716217 2.9069889 2.0479081 3.1716217 3.6092586 2.4309912 2.254652 5.0643212 3.1909292 2.2434369 1.5554284 3.4188272 1.5770885 3.0882494 1.697068 2.6905182 3.836137 3.6625388 4.0800521 5.2049241 4.4337887 4.234021 3.5747649 4.8960549 4.1647064 4.3780459 5.7855171 3.8694335 5.2973545 4.1554901 3.8545798 3.8307895 3.9042002 4.2573687 5.5669416 4.6909343 3.7842268 4.1560158 5.0523519 4.260721 4.0589385 3.9843135 4.4897461 4.3311726 4.1439301 4.3753488 4.8990416 4.8565885 4.2925056 4.7147228 3.8903046 3.2690037 3.9669338 5.2667367 3.7402903 4.7754993 4.5966392 3.9402577 4.5207885 5.0987008 4.3832989 3.7245477 3.9695602 4.0316864 4.6242082 4.1568287 4.4975467 4.8283929 4.9570058 4.615551 4.7832751 5.3662623 5.0150549 5.1080821 5.4741447 4.5894472 4.1472761 4.9752372 4.7361584 5.2356599 4.8818008 4.3536372 4.4671777 4.6917676 6.1922944 5.6569738 4.6599418 4.6098286 5.6498961 4.8082891 4.3087857 4.5466902 4.5791669 4.2142363 4.9801783 4.6518062 5.3006406 4.5685603 5.0356829 4.5186812 4.9420121 5.3900242 4.1717471 4.270808 4.169766 4.5884043 4.7616211 4.6267978 4.8283929 4.6793246 4.5706689 4.7396487 5.260786 4.5011311 4.0089661 4.2239952
1.0099384 2.1722718 1.83966 2.0915796 0.8593593 0.1323007 1.4595516 1.266518 2.612608 1.9624298 0.4448907 1.3608814 2.2229708 2.4906628 0.3763736 1.2096021 0.0 0.999525 0.319547 0.3812584 1.120965 0.5612962 1.1728486 1.4580228 1.351804 2.1358253 1.2568022 0.9623544 1.178765 1.829821 1.9985399 1.130999 0.5132674 0.7116328 1.9624298 1.6981087 0.8437825 1.9624298 2.407242 1.2214479 1.0491089 3.8556796 1.9993507 1.0439604 0.3492778 2.2093435 0.4046226 1.8862933 0.4888587 1.4815159 3.3701463 3.0745766 3.5602151 4.1792052 3.7020615 3.3352489 3.0416196 3.7701256 3.462803 3.3677351 4.6607218 3.0741812 4.2879611 3.3783332 2.9117684 3.2381397 3.0677751 3.2957576 4.6462207 3.6746168 3.1439565 3.2988713 4.2184533 3.4275411 3.3039983 3.3254802 3.8077629 3.7529603 3.350895 3.3549807 3.8564669 3.8006521 3.3451703 3.9050306 3.0161516 2.7156103 3.3999628 4.3514149 2.8517417 3.7718991 3.6138273 3.1929051 3.560634 3.9772443 3.4328832 2.8467407 3.0787945 3.2388506 3.5170613 3.2368903 4.100995 4.0210569 4.5122479 3.9630043 4.2502666 5.0097317 4.0009853 4.6390918 4.7628379 4.4888574 3.6616129 4.2690934 4.2322933 4.3739376 4.1567865 3.8857143 3.8842641 4.755908 5.7166025 4.7318614 4.286351 3.799752 5.2214631 4.0591469 3.9388047 4.1916706 3.8401681 3.5329894 4.3386782 4.1789063 4.8082091 4.6537468 4.4038164 3.775962 4.1224595 5.0482251 3.8085562 3.7138126 3.465056 4.1426346 4.314537 4.1884694 4.0210569 4.2953815 4.2300992 4.2273571 4.4720034 3.9268387 3.6135371 3.5153884
0.0748583 1.1743015 0.8515444 1.0956209 0.2553227 1.011346 0.5085955 0.270241 1.6165915 0.9629345 0.5569313 0.3812584 1.2238921 1.520556 1.3756758 2.2089171 0.999525 0.0 0.9634376 0.6609222 0.2880918 0.4383918 0.5845164 0.5502981 0.3541668 1.1461619 0.2841195 0.0436529 0.1845313 0.832901 0.9992885 0.3648326 1.3790536 1.689356 0.9629345 0.6989559 0.2244302 0.9629345 1.4179363 0.2224454 0.1069009 2.8597841 1.035581 0.2265321 0.6595786 1.2116743 0.6643981 0.9010347 0.512487 0.4823245 3.3125884 2.923877 3.4337602 3.4437219 3.342582 2.801891 2.9507632 2.9066337 3.1537579 2.6835979 3.7855154 2.6906701 3.5703482 2.9903653 2.3520343 3.0660727 2.6342564 2.6824301 4.0261338 2.9684919 2.9305699 2.8205965 3.7150412 2.969326 2.947833 3.0750349 3.495743 3.5532635 2.9463961 2.6573813 3.1083232 3.0360178 2.747924 3.4449155 2.5393037 2.6440222 3.2396021 3.7474286 2.3714095 3.0789582 2.9551822 2.8551486 2.934443 3.1164213 2.8263867 2.3811581 2.5750012 2.8436418 2.6873466 2.6828902 4.0536374 3.5575094 4.3967121 3.67248 4.0641985 4.9519692 3.2860701 4.4944068 4.3709508 4.6745513 3.5606233 3.9047118 4.0756573 3.8319941 3.777844 3.7854878 3.670758 5.0582511 5.5235376 4.1040911 4.2488984 3.3451094 5.0895774 3.6589775 3.926366 4.1766352 3.4637884 3.2411775 4.0386553 4.0551651 4.6334134 4.9765881 4.1104171 3.3994336 3.6399147 5.0020553 3.811427 3.5384211 3.1527256 4.0468213 4.2074338 4.0968964 3.5575094 4.2479623 4.2257773 4.0628293 4.0084722 3.719269 3.6017337 3.194861
0.9968068 2.0953629 1.8126271 2.047964 0.9037624 0.1969375 1.46442 1.2313028 2.5656528 1.9026854 0.4500601 1.344272 2.1655219 2.4839492 0.5472597 1.3398066 0.319547 0.9634376 0.0 0.5228532 1.0008551 0.5705817 1.2888626 1.3264069 1.3121818 2.0399748 1.1757594 0.920841 1.1218268 1.7857465 1.9313642 0.9878001 0.8172381 0.9299147 1.9026854 1.646266 0.7611498 1.9026854 2.3758991 1.1714755 1.0400084 3.7588689 1.9983813 0.9363547 0.3531243 2.1307538 0.5621531 1.8630035 0.5246219 1.4332182 3.0513986 2.7553239 3.2406751 3.9270771 3.3911853 3.046456 2.7221273 3.5647819 3.149009 3.1081313 4.4555621 2.7680413 4.0305252 3.0711217 2.6309523 2.9191015 2.7671179 3.02137 4.3656824 3.4179805 2.8261748 3.0023528 3.9209411 3.1277218 2.9942474 3.0088239 3.493301 3.4340343 3.0454388 3.0987732 3.6098371 3.5592467 3.0672893 3.603289 2.7214161 2.3961132 3.0806238 4.0690552 2.5588925 3.5113307 3.3464378 2.8821042 3.2867896 3.7693044 3.1560919 2.5518801 2.7874052 2.9330025 3.2999186 2.9521683 3.7833337 3.7192883 4.1930865 3.6470546 3.9308769 4.6924896 3.7444405 4.3196223 4.4521067 4.1904153 3.34229 3.9571754 3.9127466 4.0812785 3.846254 3.5665129 3.5655437 4.4753283 5.3970634 4.4524745 3.9692719 3.4977863 4.9022793 3.7506915 3.6223926 3.8754833 3.5302623 3.2179696 4.0226402 3.859517 4.4886666 4.3764848 4.087373 3.4662614 3.8226165 4.7314975 3.4926911 3.3945012 3.1514684 3.8236514 3.9954325 3.8696012 3.7192883 3.9779167 3.9145038 3.9078249 4.1688238 3.6079504 3.2966591 3.2022012
0.6566735 1.831074 1.4767762 1.7337698 0.4857265 0.4500601 1.0886205 0.9165819 2.2531807 1.6137682 0.1969375 0.999525 1.8707432 2.1176399 0.7466903 1.5668381 0.3812584 0.6609222 0.5228532 0.0 0.8428016 0.2461069 0.7971586 1.1726527 1.0020957 1.806966 0.937324 0.6298861 0.845307 1.4746299 1.6535606 0.8752779 0.7221165 1.0320219 1.6137682 1.348539 0.5578004 1.6137682 2.0424603 0.8817325 0.6921065 3.5170342 1.6265097 0.7599838 0.2070103 1.8687767 0.0419669 1.5215393 0.1742891 1.1337417 3.4565474 3.1229402 3.6230128 3.9996011 3.6771971 3.2375502 3.111871 3.5262927 3.455371 3.2067906 4.4124743 3.0334699 4.1170082 3.3392892 2.7987711 3.2804838 3.0073203 3.1645558 4.5201407 3.5059456 3.1695777 3.2231403 4.1395362 3.3611097 3.2766285 3.3391213 3.8022741 3.7900126 3.3050611 3.1880462 3.6696249 3.6058729 3.2211426 3.8417388 2.9378522 2.7882335 3.4484874 4.230988 2.7699137 3.6096504 3.4656775 3.1714488 3.426074 3.7353953 3.3056996 2.7707013 2.9904352 3.1954839 3.2896723 3.1297943 4.1973997 3.9571754 4.5861879 3.9670453 4.2961993 5.1075362 3.8300352 4.7029042 4.7319939 4.6703195 3.7348042 4.2464244 4.2891682 4.2798954 4.1276483 3.9610709 3.9171681 4.9778798 5.7670388 4.6027718 4.3876097 3.7378945 5.2928965 4.0209397 4.0467486 4.3004601 3.8097819 3.5328914 4.3416077 4.2476956 4.8616356 4.8820175 4.409711 3.7450097 4.0515117 5.1504354 3.9210379 3.7596927 3.456376 4.2215245 4.3903949 4.2692389 3.9571754 4.3930627 4.3430202 4.2812405 4.4108098 3.9623274 3.7190396 3.504024
0.3579813 1.0993873 0.875489 1.0786657 0.5334503 1.0992067 0.6393686 0.3679372 1.5843492 0.920841 0.6868283 0.4943065 1.1808712 1.5489757 1.4857039 2.3165363 1.120965 0.2880918 1.0008551 0.8428016 0.0 0.5971829 0.8616393 0.3371264 0.4127432 1.0392258 0.2143647 0.2812589 0.2444708 0.8252387 0.942889 0.0839337 1.5606337 1.8313134 0.920841 0.6825926 0.2857087 0.920841 1.4123962 0.2906942 0.373859 2.7584896 1.0935083 0.0833758 0.7726012 1.1338428 0.8581677 0.9287215 0.6719598 0.4934548 3.049398 2.6523745 3.1620448 3.1835252 3.0554079 2.5157477 2.6859414 2.6837254 2.8688206 2.4115936 3.5696777 2.4036259 3.3068882 2.70283 2.0662686 2.7915801 2.3462607 2.4016077 3.7490502 2.7011778 2.6529602 2.532775 3.4287417 2.6813235 2.6612729 2.7938821 3.2100489 3.2743743 2.6585843 2.3874463 2.8499001 2.7812283 2.4658292 3.1571482 2.2512993 2.3844612 2.9653889 3.4681615 2.083361 2.8097346 2.68043 2.5695145 2.6556839 2.8929417 2.5453357 2.0930667 2.2874853 2.5560918 2.4505216 2.397576 3.7880143 3.2698652 4.1227712 3.3874898 3.7850103 4.6824562 3.0213479 4.2176143 4.082869 4.43994 3.2910301 3.6170322 3.7988425 3.5478313 3.4899866 3.5150245 3.3904742 4.8435994 5.2415985 3.8280209 3.9837052 3.0572127 4.8127317 3.3709372 3.6655666 3.9144301 3.1761272 2.9569417 3.7527633 3.7813981 4.3539355 4.7664961 3.8247188 3.1118109 3.3528034 4.7336693 3.5531937 3.2616112 2.8676293 3.7758687 3.9348297 3.8262174 3.2698652 3.9816128 3.9647222 3.7853783 3.721071 3.4392981 3.3426952 2.9092996
0.4507507 1.6122023 1.2813834 1.5310649 0.3331911 0.5817598 0.910391 0.7054478 2.0522026 1.4011774 0.1251028 0.8033011 1.6616892 1.9401499 0.9376026 1.7705329 0.5612962 0.4383918 0.5705817 0.2461069 0.5971829 0.0 0.7339426 0.9289 0.7906226 1.579876 0.7031965 0.4020965 0.6191688 1.2689582 1.4376558 0.6294068 0.964503 1.2548141 1.4011774 1.1368136 0.3118173 1.4011774 1.8491506 0.660611 0.4913365 3.2970024 1.4499477 0.5146461 0.2302819 1.6494494 0.2654534 1.3290168 0.0763065 0.9202204 3.3098451 2.9583617 3.4632523 3.7573465 3.4778865 3.0142844 2.9584675 3.2803251 3.2638398 2.9681904 4.1667779 2.8302367 3.8759403 3.1355659 2.572254 3.1121491 2.796902 2.9324101 4.2874791 3.2656768 2.9938528 3.006784 3.9201826 3.1474757 3.0776401 3.1571598 3.6104224 3.6170533 3.0989103 2.9483879 3.4266044 3.361968 2.9906695 3.6279993 2.7215474 2.6382242 3.2823806 3.9999576 2.5530544 3.3703888 3.2292719 2.9752328 3.1926988 3.4893897 3.0742825 2.5557791 2.7707013 2.9906272 3.0436645 2.9040655 4.0531227 3.7430011 4.4289129 3.7787301 4.1258722 4.9615541 3.5891486 4.5402318 4.5281007 4.5759705 3.5799007 4.046549 4.1241555 4.0558191 3.9255465 3.8064321 3.7418445 4.911432 5.5958486 4.3693496 4.2453808 3.5248689 5.1327675 3.8156738 3.9093729 4.162684 3.6079676 3.3441805 4.1518693 4.0887498 4.693515 4.8206162 4.2210693 3.5431508 3.8348346 5.0067535 3.7867031 3.5910464 3.2643203 4.0678478 4.2346405 4.1163937 3.7430011 4.2488605 4.2074338 4.1147873 4.1967267 3.7880618 3.5816067 3.3106891
0.5098851 1.335604 0.9043611 1.1639819 0.4276037 1.2465975 0.5292184 0.5920062 1.6425484 1.1058577 0.8429628 0.5560014 1.3188336 1.4341157 1.5165338 2.2932199 1.1728486 0.5845164 1.2888626 0.7971586 0.8616393 0.7339426 0.0 1.0276988 0.6365606 1.3682233 0.7559043 0.6091907 0.6520388 0.9499794 1.1593266 0.9432702 1.3492049 1.7288822 1.1058577 0.8781261 0.755471 1.1058577 1.4127685 0.634891 0.4881174 2.9582264 0.9678217 0.8099288 0.9357505 1.3726346 0.76906 0.9311855 0.7660896 0.729365 3.8961167 3.5083486 4.0182335 3.8872045 3.9101634 3.3383503 3.5347339 3.2633754 3.7287738 3.1671311 4.1142389 3.259366 4.022196 3.5559778 2.8881385 3.6501178 3.1953987 3.1952531 4.5191242 3.4358258 3.5135043 3.3706203 4.2501063 3.522157 3.5183749 3.6555156 4.0688184 4.135533 3.5096624 3.1350106 3.5496986 3.46845 3.2653526 3.9930334 3.0930572 3.226734 3.8237228 4.2495091 2.9267093 3.5510563 3.4452779 3.4286064 3.4382586 3.4712973 3.3392892 2.9393038 3.1221891 3.4092836 3.0799322 3.215156 4.6376167 4.1039324 4.9809428 4.2472625 4.6462951 5.5364417 3.7434932 5.0778059 4.9276329 5.2411255 4.1451234 4.4684979 4.6590283 4.3547834 4.3398542 4.3700042 4.2520224 5.6065781 6.1031645 4.593179 4.8327667 3.8952801 5.6729758 4.2179035 4.5090352 4.7597124 4.0280312 3.8175669 4.611012 4.6394153 5.215325 5.5205084 4.6833219 3.9640473 4.1810694 5.5864249 4.3931749 4.1217631 3.7273899 4.6313349 4.7918519 4.6814128 4.1039324 4.8320645 4.8084679 4.6459172 4.5516491 4.3007857 4.1838645 3.7683851
0.5970052 0.807245 0.693266 0.836262 0.8035438 1.4337837 0.6261277 0.4367689 1.3101783 0.6663822 1.0230822 0.5096094 0.9102706 1.3279133 1.8215916 2.6509011 1.4580228 0.5502981 1.3264069 1.1726527 0.3371264 0.9289 1.0276988 0.0 0.4115565 0.7275837 0.2811181 0.5649902 0.393931 0.6154793 0.6737853 0.3387122 1.8933964 2.1684332 0.6663822 0.4872223 0.6200806 0.6663822 1.1648405 0.396462 0.5897108 2.4349828 0.926298 0.416291 1.1097257 0.8383724 1.1850056 0.7442605 1.0045916 0.3926771 3.0206338 2.5998487 3.1043795 2.8976201 2.910486 2.3126595 2.6555462 2.3608434 2.7476968 2.1500818 3.2433994 2.2652053 3.0262998 2.5543428 1.8629936 2.7262893 2.1887135 2.1682634 3.4990762 2.4285 2.5757 2.3517548 3.2234057 2.5051151 2.5266265 2.6977922 3.08046 3.1863992 2.5045196 2.1210376 2.5614839 2.4876456 2.2378533 2.9716561 2.0782918 2.373281 2.8997398 3.22584 1.9143082 2.5409162 2.4255177 2.4448655 2.4134509 2.5704984 2.3123697 1.9301262 2.1020171 2.4084214 2.1374941 2.1885077 3.7469966 3.0814434 4.0515747 3.2628649 3.6929111 4.6251195 2.7432612 4.134518 3.9113591 4.4726474 3.2399756 3.4610752 3.7174101 3.3271352 3.3303532 3.4595485 3.2949476 4.9123628 5.1307131 3.5749247 3.9430504 2.8753859 4.7274433 3.2050381 3.6395802 3.8830656 3.022438 2.8404915 3.6188786 3.7123969 4.2582078 4.8433589 3.6923016 2.9592168 3.1561416 4.6799164 3.5350356 3.1831307 2.74524 3.7172561 3.8694857 3.7683182 3.0814434 3.9373591 3.9364265 3.7012439 3.5272174 3.3450874 3.3236938 2.7827034
0.3454329 0.8297951 0.5005624 0.7414571 0.5371397 1.365497 0.2344812 0.0856127 1.2624666 0.6120938 0.9107128 0.0992255 0.8713141 1.1748878 1.7281658 2.5602905 1.351804 0.3541668 1.3121818 1.0020957 0.4127432 0.7906226 0.6365606 0.4115565 0.0 0.8164356 0.2044764 0.3944243 0.1953528 0.4787869 0.6515222 0.4870031 1.7090664 2.0340473 0.6120938 0.3469455 0.5541404 0.6120938 1.0648156 0.1427122 0.3113151 2.5152715 0.6986462 0.4266452 1.0136927 0.8676745 1.0002239 0.5514274 0.8632976 0.1318417 3.4051327 2.9926955 3.4997213 3.2528671 3.3219257 2.7190913 3.0401012 2.653011 3.1571944 2.5312048 3.5183235 2.6760942 3.3868718 2.9658251 2.2703094 3.1235332 2.6002698 2.5651719 3.88353 2.7992955 2.9761892 2.7619149 3.6279732 2.9156659 2.9373727 3.1030174 3.4910337 3.5903263 2.916075 2.4986826 2.915415 2.8355427 2.636754 3.3807052 2.4893751 2.7487787 3.2973432 3.6154205 2.3256857 2.9144976 2.8098635 2.8545652 2.8052638 2.8622404 2.7089607 2.3416609 2.5118942 2.8198522 2.456172 2.5937091 4.1371832 3.4899239 4.451884 3.6730375 4.0981392 5.0216168 3.1075246 4.5379685 4.3217575 4.8277273 3.6332519 3.8725575 4.120192 3.7265606 3.7417329 3.8545654 3.7006169 5.2442118 5.539803 3.957176 4.3332735 3.2850374 5.1316933 3.6161176 4.0236883 4.2696215 3.4339875 3.249436 4.0299335 4.1118383 4.6644798 5.1693275 4.1032756 3.3707729 3.562929 5.0752744 3.9156516 3.5847084 3.154891 4.1135366 4.2679749 4.1644124 3.4899239 4.3289073 4.3217782 4.1046737 3.9343009 3.7505217 3.7044325 3.1928495
1.1552767 0.1378483 0.5026149 0.3486934 1.3533764 2.1294687 0.839381 0.8991771 0.6209591 0.2811181 1.6911384 0.8512658 0.2855993 0.7584365 2.5089262 3.3432546 2.1358253 1.1461619 2.0399748 1.806966 1.0392258 1.579876 1.3682233 0.7275837 0.8164356 0.0 0.8790596 1.1789748 0.9621511 0.4278497 0.2247919 1.0605617 2.5218885 2.834383 0.2811181 0.4939265 1.2957994 0.2811181 0.5519058 0.925585 1.1252108 1.721914 0.6202521 1.105308 1.7880423 0.145131 1.8089736 0.5048763 1.6555009 0.6868283 3.3961279 2.9477364 3.4248339 2.6203075 3.0554063 2.3415426 3.0403386 1.9155082 2.9530389 2.0067591 2.7496578 2.457855 2.765839 2.7073526 1.9277342 3.0455023 2.3424944 2.1183215 3.3339518 2.2253464 2.8784315 2.4369127 3.2023752 2.5934539 2.7126849 2.9579168 3.2539228 3.4450552 2.6470843 1.961888 2.2877426 2.1949013 2.1994627 3.013855 2.2028536 2.8012238 3.211817 3.0940297 2.0623255 2.3462741 2.2872963 2.6572884 2.3185492 2.1202255 2.2534424 2.0913887 2.1932023 2.5713354 1.7657462 2.2093012 4.0822666 3.1116169 4.3225879 3.4412316 3.9291637 4.9137891 2.5035492 4.3798375 3.9604577 4.9238809 3.5688479 3.5606233 3.9749648 3.258504 3.425002 3.774289 3.5347895 5.4153285 5.3008644 3.3973472 4.2750762 2.9311691 4.9581533 3.2884494 4.004482 4.2333596 3.1422464 3.0520295 3.7659268 3.9949188 4.4748737 5.3589821 3.8407842 3.0841084 3.1614274 4.974784 3.9160274 3.4609355 2.9479341 4.0199125 4.1557669 4.0712295 3.1116169 4.2627625 4.2912966 3.9536849 3.5280747 3.586175 3.7080803 2.9745378
0.3203095 0.9220595 0.6643908 0.878348 0.5295805 1.2526705 0.4377357 0.1827075 1.3916886 0.7275837 0.8122599 0.295531 0.9901889 1.3400245 1.6300073 2.464437 1.2568022 0.2841195 1.1757594 0.937324 0.2143647 0.7031965 0.7559043 0.2811181 0.2044764 0.8790596 0.0 0.3086803 0.1130257 0.6200057 0.7556383 0.2838777 1.6584858 1.9577841 0.7275837 0.4776149 0.4190119 0.7275837 1.2106596 0.1214578 0.3094644 2.599969 0.8797503 0.2474702 0.9090614 0.9582148 0.9438849 0.7174244 0.7793063 0.2798818 3.2120432 2.8043406 3.3125884 3.1775359 3.1609728 2.58287 2.8473154 2.624551 2.9875964 2.430942 3.5021373 2.5118935 3.3068282 2.8057854 2.1325509 2.9381017 2.4431232 2.445554 3.779324 2.7095813 2.793654 2.6150976 3.4950559 2.7670192 2.7721888 2.9256403 3.3246157 3.4108814 2.7581294 2.4020989 2.8411242 2.7663194 2.5141437 3.237223 2.3383266 2.5527551 3.1120391 3.5051307 2.1725118 2.8220341 2.7059778 2.6858416 2.6924084 2.8343532 2.589707 2.1860449 2.3664423 2.6592806 2.4091367 2.460216 3.946491 3.3480435 4.2681713 3.5050247 3.9200349 4.8345688 3.0240509 4.3574328 4.1729061 4.625964 3.4446574 3.716549 3.9391085 3.6025917 3.5871247 3.6669805 3.5233668 5.0400983 5.3679176 3.8554624 4.1425135 3.1396545 4.9518815 3.4640394 3.8300815 4.0770166 3.2765972 3.0783789 3.865455 3.9275156 4.4876025 4.9649871 3.9383073 3.2128699 3.4253094 4.8873986 3.7206706 3.4026967 2.9857127 3.9267033 4.0827708 3.9774186 3.3480435 4.1388979 4.1285937 3.9243242 3.7958027 3.5729085 3.5096042 3.0251308
