0.0 0.5385165 0.509902 0.6480741 0.1414214 0.6164414 0.5196152 0.1732051 0.9219544 0.4690416 0.3741657 0.3741657 0.591608 0.9949874 0.8831761 1.1045361 0.5477226 0.1 0.7416198 0.3316625 0.4358899 0.3 0.6480741 0.4690416 0.591608 0.5477226 0.3162278 0.1414214 0.1414214 0.5385165 0.5385165 0.3872983 0.6244998 0.8062258 0.4690416 0.3741657 0.4123106 0.4690416 0.8660254 0.1414214 0.1732051 1.3490738 0.7681146 0.4582576 0.6164414 0.591608 0.3605551 0.5830952 0.3 0.2236068 4.0037482 3.6166283 4.1641326 3.0935417 3.792097 3.4161382 3.7854986 2.3452079 3.7496667 2.8879058 2.7037012 3.2280025 3.1464265 3.7 2.5806976 3.6276714 3.4351128 3.0099834 3.7682887 2.8827071 3.8535698 3.0757113 4.0472213 3.6578682 3.4161382 3.5972211 4.0472213 4.2449971 3.5312887 2.4939928 2.8178006 2.7018512 2.894823 4.1352146 3.4117444 3.5199432 3.9115214 3.6180105 3.0 3.021589 3.312099 3.5958309 3.0099834 2.3874673 3.1527766 3.0740852 3.1256999 3.3451457 2.0904545 3.057777 5.2848841 4.2083251 5.3018865 4.6904158 5.0566788 6.09508 3.591657 5.6364883 5.0477718 5.6391489 4.3566042 4.5199558 4.8538644 4.1904654 4.4170126 4.6260134 4.6454279 6.2401923 6.4984614 4.1412558 5.1215232 4.0286474 6.2112801 4.1097445 4.9699095 5.31225 3.9774364 4.007493 4.8404545 5.097058 5.5461698 6.01415 4.8805737 4.1605288 4.570558 5.7887823 4.8918299 4.6065171 3.8961519 4.796874 5.0199602 4.6368092 4.2083251 5.2573758 5.1361464 4.6540305 4.276681 4.4598206 4.6508064 4.1400483
0.5385165 0.0 0.3 0.3316625 0.6082763 1.0908712 0.509902 0.4242641 0.509902 0.1732051 0.8660254 0.4582576 0.1414214 0.678233 1.3601471 1.6278821 1.0535654 0.5477226 1.174734 0.83666 0.7071068 0.7615773 0.781025 0.5567764 0.6480741 0.2236068 0.5 0.591608 0.5 0.3464102 0.244949 0.678233 1.1489125 1.3416408 0.1732051 0.3 0.7874008 0.1732051 0.509902 0.4582576 0.5291503 0.8185353 0.5477226 0.678233 0.9848858 0.1414214 0.8485281 0.3605551 0.8124038 0.3162278 4.0963398 3.6864617 4.236744 2.9698485 3.8118237 3.391165 3.8600518 2.1470911 3.7881394 2.805352 2.4617067 3.2449961 3.0413813 3.7121422 2.5592968 3.7 3.4336569 2.9715316 3.691883 2.792848 3.8935845 3.0740852 4.0187063 3.6565011 3.4467376 3.6510273 4.0804412 4.2953463 3.5383612 2.4186773 2.7 2.5787594 2.8548205 4.1170378 3.3985291 3.5972211 3.9786933 3.5580894 2.9983329 2.9291637 3.2434549 3.6221541 2.9546573 2.1794495 3.1032241 3.0789609 3.1144823 3.3645208 1.9131126 3.0298515 5.3385391 4.180909 5.3572381 4.7085029 5.0911688 6.1595454 3.4799425 5.6868269 5.0408333 5.7471732 4.419276 4.5210618 4.9020404 4.1340053 4.4022721 4.6808119 4.6829478 6.3694584 6.5314623 4.0620192 5.1903757 4.0024992 6.2617889 4.106093 5.0428167 5.3898052 3.9812058 4.0311289 4.8518038 5.1584882 5.5919585 6.154673 4.8918299 4.1689327 4.5475268 5.8600341 4.9598387 4.6508064 3.9153544 4.8600412 5.0724747 4.7021272 4.180909 5.3207142 5.2067264 4.7 4.2497059 4.4988888 4.7180504 4.1533119
0.509902 0.3 0.0 0.244949 0.509902 1.086278 0.2645751 0.4123106 0.4358899 0.3162278 0.8831761 0.3741657 0.2645751 0.5 1.3638182 1.5874508 1.0099505 0.5196152 1.2369317 0.7549834 0.8306624 0.7 0.509902 0.6480741 0.6403124 0.4690416 0.509902 0.6164414 0.5477226 0.3 0.3316625 0.781025 1.0535654 1.2845233 0.3162278 0.3162278 0.8544004 0.3162278 0.3605551 0.4898979 0.4358899 0.9273618 0.3 0.6557439 0.9591663 0.2645751 0.781025 0.1414214 0.8062258 0.3316625 4.276681 3.8496753 4.4158804 3.1543621 3.9974992 3.5510562 4.0112342 2.3065125 3.9749214 2.9495762 2.6476405 3.4029399 3.2588341 3.8794329 2.7202941 3.8807216 3.5749126 3.1527766 3.8961519 2.9782545 4.0311289 3.2588341 4.2071368 3.8314488 3.631804 3.8340579 4.2731721 4.4698993 3.7027017 2.6153394 2.8879058 2.7712813 3.0364453 4.2825226 3.5298725 3.7322915 4.1545156 3.7669616 3.1464265 3.1032241 3.407345 3.7854986 3.1400637 2.3537205 3.2680269 3.232646 3.2726136 3.5425979 2.0856654 3.1953091 5.4726593 4.3347434 5.5290144 4.8682646 5.2469038 6.3364028 3.6083237 5.8660038 5.2249402 5.8940648 4.5738387 4.6936127 5.0695167 4.2918527 4.5442271 4.8270074 4.8456166 6.5207362 6.7178866 4.2508823 5.3488316 4.1436699 6.4467046 4.2813549 5.1942276 5.5587768 4.1496988 4.1856899 5.0149776 5.3385391 5.7775427 6.3126856 5.0537115 4.3416587 4.7169906 6.0406953 5.0921508 4.8062459 4.0669399 5.0269275 5.2287666 4.8682646 4.3347434 5.4753995 5.3535035 4.8641546 4.4305756 4.6615448 4.8487112 4.2988371
0.6480741 0.3316625 0.244949 0.0 0.6480741 1.1661904 0.3316625 0.5 0.3 0.3162278 1.0 0.3741657 0.2645751 0.5196152 1.5297059 1.7146428 1.1661904 0.6557439 1.3228757 0.8660254 0.8774964 0.8062258 0.7071068 0.6480741 0.5385165 0.4242641 0.5477226 0.7211103 0.678233 0.1732051 0.2236068 0.8774964 1.17047 1.4247807 0.3162278 0.509902 1.0049876 0.3162278 0.3 0.5830952 0.6082763 0.83666 0.3 0.7 0.969536 0.2645751 0.8660254 0.1414214 0.9219544 0.4582576 4.1773197 3.7336309 4.30581 2.9849623 3.8729833 3.3926391 3.8897301 2.1118712 3.8548671 2.7784888 2.4515301 3.2680269 3.1080541 3.7376463 2.5806976 3.7762415 3.4205263 3.0 3.7496667 2.8160256 3.8923001 3.1304952 4.0620192 3.6851052 3.51141 3.7229021 4.1545156 4.3497126 3.5623026 2.4698178 2.7202941 2.6038433 2.8913665 4.1279535 3.3674916 3.6069378 4.0422766 3.6262929 2.9966648 2.9376862 3.2357379 3.6482873 2.9899833 2.1633308 3.1080541 3.0838288 3.122499 3.4132096 1.9157244 3.0446675 5.3357286 4.1773197 5.4064776 4.7222876 5.1097945 6.2153037 3.4205263 5.7384667 5.0813384 5.7844619 4.4519659 4.553021 4.9457052 4.1303753 4.3965896 4.7010637 4.7095647 6.4140471 6.5901442 4.0877867 5.2297227 3.9862263 6.322974 4.1436699 5.0695167 5.4387499 4.0124805 4.0472213 4.8733972 5.217279 5.6550862 6.2153037 4.9132474 4.1988094 4.5552168 5.932116 4.9628621 4.669047 3.9268308 4.9101935 5.1048996 4.7602521 4.1773197 5.3497664 5.2325902 4.7455242 4.2883563 4.5332108 4.7191101 4.1496988
0.1414214 0.6082763 0.509902 0.6480741 0.0 0.6164414 0.4582576 0.2236068 0.9219544 0.5291503 0.4242641 0.3464102 0.6403124 0.9746794 0.9165151 1.086278 0.5477226 0.1732051 0.7937254 0.2645751 0.5385165 0.2645751 0.5656854 0.5291503 0.5744563 0.6324555 0.3464102 0.244949 0.2828427 0.5385165 0.5744563 0.5 0.5567764 0.781025 0.5291503 0.4472136 0.5196152 0.5291503 0.8544004 0.244949 0.1732051 1.4 0.728011 0.4582576 0.5830952 0.6403124 0.3 0.5656854 0.3316625 0.3 4.0607881 3.6633318 4.2190046 3.1480152 3.8496753 3.4568772 3.8249183 2.3874673 3.8078866 2.9223278 2.7586228 3.2710854 3.2186954 3.7456642 2.6267851 3.6851052 3.4669872 3.0626786 3.8340579 2.9376862 3.8845849 3.1336879 4.1036569 3.7067506 3.4741906 3.6551334 4.1085277 4.2965102 3.5763109 2.5573424 2.8740216 2.7604347 2.9495762 4.1785165 3.4380227 3.5510562 3.9648455 3.6864617 3.0364453 3.0708305 3.354102 3.6400549 3.0659419 2.4372115 3.1968735 3.1128765 3.1670175 3.3985291 2.1424285 3.1032241 5.3131911 4.2461747 5.3507009 4.7307505 5.0960769 6.1457302 3.6166283 5.687706 5.1009803 5.6762664 4.3977267 4.5683695 4.9010203 4.2308392 4.4508426 4.6626173 4.6882833 6.2785349 6.553625 4.1964271 5.1643005 4.0607881 6.2657801 4.1605288 5.0079936 5.3591044 4.0249224 4.0472213 4.8836462 5.1497573 5.6017854 6.0572271 4.9234135 4.2083251 4.6141088 5.8438001 4.9203658 4.6454279 3.9344631 4.8445846 5.0616203 4.6861498 4.2461747 5.2971691 5.1730069 4.7010637 4.330127 4.5044423 4.678675 4.1737274
0.6164414 1.0908712 1.086278 1.1661904 0.6164414 0.0 0.9949874 0.7 1.459452 1.0099505 0.3464102 0.8124038 1.161895 1.5716234 0.678233 0.6164414 0.4 0.591608 0.3316625 0.3872983 0.5385165 0.4123106 1.1224972 0.678233 0.8306624 1.0099505 0.6480741 0.5291503 0.6480741 1.0148892 1.0246951 0.5385165 0.4582576 0.4795832 1.0099505 0.969536 0.6082763 1.0099505 1.4177447 0.6480741 0.7 1.8814888 1.3 0.6082763 0.3741657 1.1269428 0.3872983 1.1224972 0.3605551 0.8062258 3.6124784 3.2465366 3.7868192 2.9444864 3.4698703 3.1543621 3.407345 2.3280893 3.4146742 2.7055499 2.7147744 2.9189039 2.9832868 3.3896903 2.3366643 3.2588341 3.1464265 2.7784888 3.5468296 2.7073973 3.508561 2.792848 3.7709415 3.3674916 3.0935417 3.2465366 3.7121422 3.8832976 3.2264532 2.3194827 2.6758176 2.5729361 2.6608269 3.8470768 3.1400637 3.144837 3.5411862 3.3867388 2.7239677 2.8407745 3.1032241 3.2726136 2.7892651 2.3748684 2.9223278 2.7910571 2.8548205 3.0347982 2.0566964 2.805352 4.9061186 3.9255573 4.9223978 4.3566042 4.6978719 5.7052607 3.4263683 5.2659282 4.7349762 5.205766 3.9774364 4.2011903 4.4833024 3.9370039 4.1146081 4.2497059 4.2918527 5.7913729 6.1343296 3.9179076 4.7275787 3.748333 5.8360946 3.8013156 4.5760245 4.9173163 3.6633318 3.6742346 4.5066617 4.7222876 5.178803 5.5596762 4.5453273 3.8457769 4.2883563 5.3916602 4.5022217 4.2473521 3.5693137 4.4124823 4.6411206 4.2497059 3.9255573 4.8682646 4.7391982 4.2848571 3.9887341 4.1024383 4.2649736 3.8183766
0.5196152 0.509902 0.2645751 0.3316625 0.4582576 0.9949874 0.0 0.4242641 0.5477226 0.4795832 0.8660254 0.3 0.4898979 0.6164414 1.3601471 1.4933185 0.9539392 0.509902 1.2083046 0.6480741 0.8602325 0.6 0.4582576 0.6244998 0.5477226 0.6082763 0.4582576 0.6244998 0.6082763 0.3162278 0.4242641 0.8124038 0.9486833 1.2083046 0.4795832 0.5 0.9165151 0.4795832 0.4690416 0.5196152 0.4242641 1.1090537 0.3162278 0.5477226 0.8185353 0.4472136 0.678233 0.2236068 0.7745967 0.4242641 4.2308392 3.7854986 4.3669211 3.1272992 3.9560081 3.4899857 3.9344631 2.2781571 3.9357337 2.8827071 2.6495283 3.3361655 3.2634338 3.8209946 2.6627054 3.8353618 3.494281 3.1160873 3.8794329 2.9495762 3.9420807 3.2202484 4.1701319 3.7828561 3.591657 3.7907783 4.2391037 4.414748 3.6414283 2.5980762 2.8653098 2.7549955 2.9983329 4.2225585 3.4423829 3.6414283 4.1024383 3.7549967 3.0740852 3.0626786 3.3555923 3.7229021 3.1064449 2.3388031 3.2140317 3.1654384 3.2093613 3.4957117 2.0639767 3.1400637 5.375872 4.2638011 5.4680892 4.7989582 5.1710734 6.2801274 3.5312887 5.8137767 5.1797683 5.8077534 4.4977772 4.6368092 5.0049975 4.2272923 4.4609416 4.7423623 4.7780749 6.4397205 6.670832 4.2190046 5.2744668 4.0620192 6.3992187 4.2284749 5.1137071 5.4963624 4.0902323 4.112177 4.9477268 5.2886671 5.731492 6.2401923 4.9849774 4.2871902 4.6626173 5.988322 4.9939964 4.7318073 3.9912404 4.9618545 5.1526692 4.803124 4.2638011 5.3972215 5.2678269 4.796874 4.384062 4.5934736 4.7497368 4.2178193
0.1732051 0.4242641 0.4123106 0.5 0.2236068 0.7 0.4242641 0.0 0.7874008 0.3316625 0.5 0.2236068 0.4690416 0.9055385 1.0440307 1.2369317 0.7 0.2 0.83666 0.4242641 0.4472136 0.3741657 0.6708204 0.3872983 0.4472136 0.4123106 0.2236068 0.2236068 0.2236068 0.3741657 0.3741657 0.4472136 0.7348469 0.9486833 0.3316625 0.3605551 0.5477226 0.3316625 0.7483315 0.1 0.244949 1.2288206 0.663325 0.4242641 0.6082763 0.4690416 0.4242641 0.4582576 0.4242641 0.1414214 3.9648455 3.5623026 4.1170378 2.9866369 3.7296112 3.3256578 3.7282704 2.2113344 3.691883 2.7802878 2.5690465 3.1543621 3.0545049 3.6249138 2.4959968 3.5818989 3.3481338 2.9206164 3.6837481 2.7820855 3.7815341 3.0049958 3.968627 3.579106 3.3555923 3.5454196 3.9912404 4.189272 3.4554305 2.4020824 2.7110883 2.5942244 2.8089144 4.0509258 3.318132 3.4583233 3.8613469 3.5383612 2.9137605 2.9189039 3.2093613 3.524202 2.9206164 2.2561028 3.057777 2.9899833 3.0397368 3.2771939 1.9697716 2.9698485 5.2191953 4.1206796 5.2478567 4.6162756 4.98999 6.0448325 3.4741906 5.5803226 4.9749372 5.5973208 4.3 4.4474712 4.796874 4.0975602 4.3358967 4.56618 4.5793013 6.2040309 6.4420494 4.0472213 5.0695167 3.9395431 6.1587336 4.0373258 4.914265 5.2621288 3.9051248 3.9357337 4.7686476 5.0447993 5.4927225 5.9849812 4.8093659 4.0865633 4.4833024 5.7463032 4.8311489 4.5398238 3.822303 4.7455242 4.9628621 4.590207 4.1206796 5.2009614 5.0823223 4.5989129 4.2 4.3977267 4.5891176 4.0607881
0.9219544 0.509902 0.4358899 0.3 0.9219544 1.459452 0.5477226 0.7874008 0.0 0.5567764 1.2845233 0.6708204 0.4242641 0.3464102 1.7916473 1.9974984 1.4317821 0.9273618 1.6124515 1.1489125 1.1575837 1.086278 0.8306624 0.9110434 0.8124038 0.6403124 0.8306624 1.0049876 0.9433981 0.4690416 0.4898979 1.1401754 1.4491377 1.7029386 0.5567764 0.7 1.2569805 0.5567764 0.1414214 0.8660254 0.8602325 0.6244998 0.3162278 0.9591663 1.260952 0.4242641 1.1575837 0.3605551 1.2083046 0.7211103 4.3794977 3.923009 4.4977772 3.088689 4.0435133 3.5383612 4.0767634 2.1794495 4.0360872 2.8930952 2.4939928 3.4336569 3.232646 3.9012818 2.7367864 3.9711459 3.5707142 3.1511903 3.8768544 2.9427878 4.0570926 3.2969683 4.2083251 3.8457769 3.6905284 3.910243 4.3324358 4.5287967 3.7229021 2.6134269 2.8337255 2.7184554 3.0413813 4.2720019 3.508561 3.792097 4.2320208 3.7656341 3.1543621 3.0561414 3.3615473 3.8183766 3.132092 2.2293497 3.2449961 3.2465366 3.2771939 3.5860842 2.0049938 3.1937439 5.4972721 4.3104524 5.5821143 4.8795492 5.2706736 6.3953108 3.502856 5.9143892 5.2316345 5.9757845 4.6292548 4.7053161 5.1176166 4.2485292 4.5276926 4.8692915 4.8774994 6.6174013 6.7557383 4.2071368 5.4074023 4.1158231 6.4984614 4.2965102 5.2488094 5.6258333 4.1677332 4.2083251 5.0259327 5.4009258 5.8300943 6.4265076 5.0645829 4.3588989 4.6968074 6.1155539 5.132251 4.8383882 4.0853396 5.0892043 5.2735187 4.9386233 4.3104524 5.5235858 5.4064776 4.914265 4.4294469 4.7010637 4.8887626 4.302325
0.4690416 0.1732051 0.3162278 0.3162278 0.5291503 1.0099505 0.4795832 0.3316625 0.5567764 0.0 0.7874008 0.3464102 0.1732051 0.728011 1.3114877 1.5556349 1.0099505 0.5 1.1 0.7549834 0.6244998 0.7 0.7745967 0.5291503 0.5196152 0.2 0.4472136 0.509902 0.4472136 0.2645751 0.1732051 0.6557439 1.0440307 1.260952 0.0 0.3464102 0.7549834 0.0 0.5567764 0.3741657 0.5 0.9380832 0.5567764 0.6557439 0.8831761 0.2645751 0.7416198 0.3464102 0.728011 0.2645751 4.0435133 3.6359318 4.1856899 2.9478806 3.7709415 3.342155 3.8065733 2.1307276 3.7389838 2.7748874 2.4556058 3.2031235 3.0133038 3.6619667 2.5258662 3.6523965 3.3852622 2.9223278 3.6687873 2.7586228 3.8457769 3.0364453 3.9799497 3.6027767 3.4014703 3.6055513 4.0348482 4.2497059 3.494281 2.3874673 2.6720778 2.5495098 2.8178006 4.0718546 3.3496268 3.5425979 3.9293765 3.5284558 2.9495762 2.9 3.1984371 3.5707142 2.9189039 2.1679483 3.0626786 3.0248967 3.0675723 3.318132 1.9104973 2.9883106 5.2924474 4.1436699 5.3113087 4.6583259 5.0467812 6.1081912 3.4525353 5.6329388 4.9979996 5.6973678 4.3749286 4.482187 4.8600412 4.106093 4.3760713 4.6411206 4.6324939 6.3071388 6.4876806 4.0286474 5.1468437 3.968627 6.2112801 4.0706265 4.9919936 5.3329167 3.9446166 3.9874804 4.8114447 5.1029403 5.5443665 6.0917978 4.8538644 4.119466 4.4933284 5.8180753 4.914265 4.5978256 3.8729833 4.8176758 5.0338852 4.669047 4.1436699 5.2744668 5.1652686 4.6669048 4.2201896 4.4575778 4.6722586 4.106093
0.3741657 0.8660254 0.8831761 1.0 0.4242641 0.3464102 0.8660254 0.5 1.2845233 0.7874008 0.0 0.678233 0.9327379 1.3674794 0.5830952 0.7874008 0.3464102 0.3872983 0.3872983 0.3316625 0.3605551 0.3605551 0.9486833 0.6164414 0.781025 0.8124038 0.5477226 0.2828427 0.3741657 0.8660254 0.8544004 0.3605551 0.4582576 0.5196152 0.7874008 0.7071068 0.3 0.7874008 1.2369317 0.4242641 0.5 1.6792856 1.1357817 0.6082763 0.5477226 0.9327379 0.3316625 0.9486833 0.1 0.5744563 3.8065733 3.4554305 3.9824616 3.0708305 3.6496575 3.3331667 3.6290495 2.4124676 3.591657 2.87054 2.7730849 3.1176915 3.082207 3.579106 2.5099801 3.4496377 3.3496268 2.9257478 3.6851052 2.8372522 3.7349699 2.9597297 3.9370039 3.5411862 3.2695565 3.4322005 3.8858718 4.0841156 3.4190642 2.4372115 2.792848 2.6795522 2.8142495 4.0348482 3.3436507 3.3778692 3.7389838 3.5199432 2.9154759 2.9849623 3.2603681 3.468429 2.9359837 2.4494897 3.088689 2.9782545 3.0380915 3.2140317 2.1424285 2.9782545 5.1487863 4.1243181 5.1332251 4.5628938 4.9183331 5.9118525 3.5972211 5.4635154 4.9173163 5.4497706 4.2023803 4.3965896 4.6968074 4.1255303 4.3324358 4.4833024 4.501111 6.0282667 6.3300869 4.0681691 4.9547957 3.9560081 6.0315835 3.9912404 4.8062459 5.1283526 3.8600518 3.8858718 4.7148701 4.9173163 5.3721504 5.7887823 4.7560488 4.0336088 4.4665423 5.5991071 4.748684 4.4631827 3.7815341 4.6292548 4.8682646 4.4698993 4.1243181 5.097058 4.9779514 4.5033321 4.1701319 4.3162484 4.5110974 4.032369
0.3741657 0.4582576 0.3741657 0.3741657 0.3464102 0.8124038 0.3 0.2236068 0.6708204 0.3464102 0.678233 0.0 0.4582576 0.8185353 1.2328828 1.3638182 0.8602325 0.3872983 0.9949874 0.5196152 0.6082763 0.4795832 0.663325 0.4472136 0.3 0.4472136 0.2828427 0.4242641 0.4472136 0.2236068 0.3 0.6403124 0.8185353 1.0816654 0.3464102 0.4898979 0.7681146 0.3464102 0.6403124 0.3162278 0.3872983 1.183216 0.5385165 0.4582576 0.6164414 0.4582576 0.5 0.3464102 0.591608 0.3 3.9912404 3.5637059 4.1327957 2.9444864 3.7336309 3.2848135 3.7188708 2.1307276 3.7013511 2.7166155 2.5 3.1336879 3.0463092 3.6041643 2.4698178 3.6027767 3.3015148 2.894823 3.6742346 2.7477263 3.748333 3.0033315 3.954744 3.5580894 3.3630343 3.5608988 4.0049969 4.1928511 3.4336569 2.3874673 2.6720778 2.5573424 2.7892651 4.0174619 3.2588341 3.4365681 3.8729833 3.5369478 2.8740216 2.8757608 3.1575307 3.5057096 2.8982753 2.1863211 3.0166206 2.9546573 3.0049958 3.2726136 1.9157244 2.9376862 5.1874849 4.0779897 5.2488094 4.5891176 4.9689033 6.0506198 3.3882149 5.5812185 4.9618545 5.598214 4.2918527 4.4305756 4.7937459 4.0521599 4.2953463 4.5497253 4.5628938 6.2112801 6.4459289 4.0162171 5.066557 3.8897301 6.166036 4.0236799 4.9030603 5.2649786 3.8884444 3.9115214 4.7465777 5.0517324 5.500909 6.0041652 4.7874837 4.0681691 4.4463468 5.7645468 4.8052055 4.5188494 3.7947332 4.748684 4.9537864 4.6 4.0779897 5.1903757 5.0714889 4.5978256 4.1844952 4.3874822 4.5617979 4.0224371
0.591608 0.1414214 0.2645751 0.2645751 0.6403124 1.161895 0.4898979 0.4690416 0.4242641 0.1732051 0.9327379 0.4582576 0.0 0.5830952 1.4317821 1.6941074 1.1269428 0.6164414 1.2569805 0.8831761 0.7874008 0.8246211 0.7549834 0.6557439 0.6480741 0.3 0.5744563 0.6557439 0.5744563 0.3162278 0.244949 0.7874008 1.174734 1.3928388 0.1732051 0.3605551 0.8717798 0.1732051 0.4242641 0.5196152 0.5830952 0.7937254 0.4690416 0.7615773 1.034408 0.2 0.8831761 0.3 0.8717798 0.3741657 4.1785165 3.764306 4.3162484 3.0298515 3.8897301 3.4496377 3.9344631 2.1886069 3.8639358 2.8618176 2.5019992 3.318132 3.1064449 3.7788887 2.6324893 3.7828561 3.494281 3.0315013 3.764306 2.8530685 3.9623226 3.1511903 4.0877867 3.7188708 3.524202 3.7322915 4.1581246 4.3737855 3.6083237 2.4879711 2.7586228 2.6362853 2.9240383 4.1797129 3.4539832 3.6687873 4.0583248 3.630427 3.0610456 2.9899833 3.2954514 3.6905284 3.021589 2.2248595 3.1638584 3.1400637 3.1780497 3.4380227 1.9748418 3.0951575 5.4092513 4.2449971 5.4350713 4.7738873 5.1633323 6.2353829 3.5256205 5.758472 5.1097945 5.8283788 4.4977772 4.5934736 4.9809638 4.1988094 4.4743715 4.7592016 4.7528939 6.4459289 6.6075714 4.1231056 5.2706736 4.0669399 6.3364028 4.180909 5.1176166 5.4635154 4.05586 4.1024383 4.9234135 5.2316345 5.6683331 6.233779 4.9648766 4.2355637 4.6021734 5.9447456 5.0338852 4.7191101 3.9862263 4.9416596 5.1526692 4.7906158 4.2449971 5.3972215 5.286776 4.7843495 4.3243497 4.5760245 4.7916594 4.2178193
0.9949874 0.678233 0.5 0.5196152 0.9746794 1.5716234 0.6164414 0.9055385 0.3464102 0.728011 1.3674794 0.8185353 0.5830952 0.0 1.8083141 2.0420578 1.4662878 1.0099505 1.7320508 1.2165525 1.3190906 1.174734 0.6855655 1.118034 1.029563 0.8660254 0.9949874 1.1090537 1.034408 0.678233 0.7211103 1.2727922 1.4764823 1.7262677 0.728011 0.7416198 1.3190906 0.728011 0.244949 0.9848858 0.9055385 0.781025 0.3162278 1.1135529 1.4177447 0.6164414 1.2409674 0.4795832 1.2884099 0.8246211 4.6882833 4.2391037 4.8135226 3.4322005 4.3692105 3.8729833 4.3931765 2.5238859 4.3577517 3.2295511 2.8390139 3.7589892 3.5707142 4.2308392 3.0643107 4.28369 3.9 3.485685 4.2154478 3.283291 4.3794977 3.6235342 4.5442271 4.1773197 4.0124805 4.2272923 4.6551047 4.8507731 4.0521599 2.9478806 3.176476 3.0610456 3.3749074 4.6076024 3.8379682 4.106093 4.5486262 4.1012193 3.482815 3.3970576 3.7013511 4.1448764 3.468429 2.5748786 3.5818989 3.5749126 3.6083237 3.9115214 2.3452079 3.5270384 5.8189346 4.6454279 5.9059292 5.2105662 5.598214 6.7186308 3.8379682 6.2401923 5.5668663 6.2872888 4.9487372 5.0378567 5.4415071 4.5858478 4.8559242 5.1894123 5.2048055 6.9260378 7.0851958 4.5497253 5.7271284 4.4474712 6.8242216 4.6281746 5.5686623 5.9455866 4.4977772 4.5354162 5.3572381 5.7227616 6.1554854 6.7305275 5.3953684 4.6904158 5.0338852 6.4342832 5.4497706 5.1643005 4.4124823 5.4092513 5.5955339 5.2545219 4.6454279 5.8455111 5.7245087 5.235456 4.7644517 5.0259327 5.205766 4.6314145
0.8831761 1.3601471 1.3638182 1.5297059 0.9165151 0.678233 1.3601471 1.0440307 1.7916473 1.3114877 0.5830952 1.2328828 1.4317821 1.8083141 0.0 0.5477226 0.4690416 0.8888194 0.5567764 0.7937254 0.8774964 0.842615 1.2806248 1.1489125 1.3601471 1.3416408 1.0954451 0.83666 0.8717798 1.4177447 1.4035669 0.8062258 0.6855655 0.4123106 1.3114877 1.1313708 0.591608 1.3114877 1.7233688 0.969536 0.9539392 2.1447611 1.6155494 1.1 1.029563 1.4317821 0.8306624 1.456022 0.6557439 1.0816654 3.9711459 3.6851052 4.1713307 3.468429 3.8961519 3.6810325 3.866523 2.9017236 3.8236109 3.283291 3.2511536 3.4205263 3.4292856 3.8716921 2.8670542 3.6469165 3.6905284 3.2771939 3.9974992 3.2233523 4.0211939 3.2526912 4.2284749 3.8444766 3.5199432 3.6496575 4.1036569 4.3011626 3.7188708 2.8106939 3.1968735 3.088689 3.1591138 4.347413 3.7067506 3.6400549 3.9446166 3.8196859 3.2649655 3.3749074 3.6455452 3.7536649 3.2863353 2.9291637 3.4554305 3.318132 3.3808283 3.4914181 2.6057628 3.327161 5.3916602 4.4485953 5.3282267 4.835287 5.1623638 6.0835845 4.0249224 5.6595053 5.1749396 5.6053546 4.4249294 4.6636895 4.9091751 4.4654227 4.6357308 4.7138095 4.747631 6.1562976 6.5169011 4.4056782 5.1487863 4.2906876 6.2080593 4.2649736 5.0159745 5.3103672 4.1376322 4.1641326 4.9769469 5.1068581 5.5587768 5.8932164 5.0159745 4.3116122 4.7801674 5.7471732 4.9809638 4.7138095 4.069398 4.8238988 5.0813384 4.6518813 4.4485953 5.3047149 5.1807335 4.7138095 4.4530888 4.553021 4.7507894 4.3335897
1.1045361 1.6278821 1.5874508 1.7146428 1.086278 0.6164414 1.4933185 1.2369317 1.9974984 1.5556349 0.7874008 1.3638182 1.6941074 2.0420578 0.5477226 0.0 0.6164414 1.0908712 0.6403124 0.8544004 1.0816654 0.9219544 1.4628739 1.2727922 1.4177447 1.5811388 1.2247449 1.0488088 1.1401754 1.5779734 1.5968719 1.0440307 0.6557439 0.3605551 1.5556349 1.43527 0.9643651 1.5556349 1.9313208 1.183216 1.161895 2.4289916 1.7916473 1.161895 0.9380832 1.6703293 0.8774964 1.6431677 0.8306624 1.3228757 3.7907783 3.4842503 3.9874804 3.3926391 3.744329 3.5171011 3.6400549 2.87054 3.671512 3.1464265 3.2572995 3.2403703 3.3970576 3.6945906 2.7349589 3.4785054 3.4899857 3.1654384 3.9115214 3.1416556 3.7854986 3.1272992 4.0914545 3.6878178 3.3749074 3.4899857 3.9572718 4.110961 3.5425979 2.7568098 3.1336879 3.0397368 3.0495901 4.1689327 3.5014283 3.3955854 3.7603191 3.7403208 3.088689 3.2726136 3.51141 3.5679126 3.1843367 2.9154759 3.3166248 3.144837 3.2171416 3.3391616 2.5903668 3.1827661 5.1215232 4.2555846 5.1156622 4.6238512 4.932545 5.8711157 3.8652296 5.4598535 5.0059964 5.3347915 4.1952354 4.4799554 4.6968074 4.2918527 4.419276 4.4698993 4.5343136 5.8855756 6.3253458 4.2883563 4.9122296 4.0853396 6.0133186 4.095119 4.7686476 5.0892043 3.9572718 3.954744 4.769696 4.9132474 5.3721504 5.6364883 4.8062459 4.1340053 4.6054316 5.5434646 4.7085029 4.4877611 3.8600518 4.6076024 4.8476799 4.4384682 4.2555846 5.0616203 4.9254441 4.501111 4.2976738 4.3416587 4.4799554 4.1133928
0.5477226 1.0535654 1.0099505 1.1661904 0.5477226 0.4 0.9539392 0.7 1.4317821 1.0099505 0.3464102 0.8602325 1.1269428 1.4662878 0.4690416 0.6164414 0.0 0.5196152 0.5196152 0.3872983 0.6708204 0.4123106 0.9273618 0.7874008 1.0049876 1.0488088 0.7071068 0.5291503 0.5830952 1.0535654 1.0630146 0.5385165 0.4582576 0.3872983 1.0099505 0.83666 0.4582576 1.0099505 1.3601471 0.6480741 0.5744563 1.8384776 1.2369317 0.6708204 0.678233 1.0908712 0.4795832 1.086278 0.3605551 0.7549834 3.9509493 3.5972211 4.1303753 3.2664966 3.8105118 3.5142567 3.764306 2.6191602 3.7603191 3.0397368 2.9949958 3.2680269 3.3015148 3.748333 2.6720778 3.5972211 3.5071356 3.1304952 3.8704005 3.0413813 3.866523 3.1304952 4.1158231 3.7282704 3.4365681 3.5860842 4.0521599 4.2284749 3.579106 2.641969 3.0 2.894823 3.0 4.2047592 3.5014283 3.5057096 3.8858718 3.7134889 3.082207 3.1733263 3.4568772 3.631804 3.1272992 2.6608269 3.2710854 3.1543621 3.2109189 3.3837849 2.330236 3.1543621 5.2602281 4.276681 5.2678269 4.7180504 5.0507425 6.0522723 3.7603191 5.6187187 5.0852729 5.5479726 4.3243497 4.5486262 4.8270074 4.2778499 4.4508426 4.5934736 4.6497312 6.1400326 6.476882 4.2602817 5.0705029 4.095119 6.1822326 4.1436699 4.929503 5.2706736 4.007493 4.0274061 4.8569538 5.0734604 5.5226805 5.9016947 4.8928519 4.2035699 4.6551047 5.7227616 4.8528342 4.6086874 3.9217343 4.7528939 4.9819675 4.5760245 4.276681 5.217279 5.0813384 4.6173586 4.3255058 4.4485953 4.6162756 4.1785165
0.1 0.5477226 0.5196152 0.6557439 0.1732051 0.591608 0.509902 0.2 0.9273618 0.5 0.3872983 0.3872983 0.6164414 1.0099505 0.8888194 1.0908712 0.5196152 0.0 0.7348469 0.3162278 0.4472136 0.244949 0.6557439 0.4123106 0.6 0.5567764 0.2645751 0.1732051 0.1732051 0.5477226 0.5477226 0.3464102 0.6480741 0.8124038 0.5 0.3872983 0.4242641 0.5 0.8717798 0.1732051 0.1414214 1.3453624 0.7745967 0.3741657 0.591608 0.5830952 0.3741657 0.591608 0.3162278 0.244949 3.9749214 3.5818989 4.1340053 3.0594117 3.7589892 3.3852622 3.7496667 2.3130067 3.7215588 2.8478062 2.6758176 3.1890437 3.122499 3.6687873 2.539685 3.5958309 3.3985291 2.9849623 3.7349699 2.8530685 3.8131352 3.0413813 4.0162171 3.631804 3.3852622 3.5651087 4.0187063 4.2107007 3.4957117 2.463737 2.787472 2.6739484 2.8618176 4.1024383 3.3749074 3.481379 3.8794329 3.5888717 2.9647934 2.9866369 3.283291 3.5637059 2.9782545 2.3558438 3.1192948 3.0430248 3.091925 3.3136083 2.0493902 3.0232433 5.242137 4.1689327 5.2668776 4.6572524 5.0179677 6.0646517 3.5510562 5.6089215 5.0169712 5.5991071 4.3162484 4.4833024 4.8155997 4.1484937 4.3680659 4.5814845 4.611941 6.2088646 6.4668385 4.110961 5.0813384 3.9849718 6.1830413 4.0718546 4.932545 5.2829916 3.9382737 3.968627 4.8020829 5.0705029 5.5163394 5.9849812 4.8404545 4.1303753 4.5453273 5.7532599 4.8476799 4.5727453 3.8561639 4.7581509 4.9769469 4.592385 4.1689327 5.2182373 5.0921508 4.6097722 4.237924 4.4204072 4.6065171 4.1024383
0.7416198 1.174734 1.2369317 1.3228757 0.7937254 0.3316625 1.2083046 0.83666 1.6124515 1.1 0.3872983 0.9949874 1.2569805 1.7320508 0.5567764 0.6403124 0.5196152 0.7348469 0.0 0.6324555 0.509902 0.6480741 1.3228757 0.8062258 1.0099505 1.0723805 0.8185353 0.6244998 0.7141428 1.174734 1.1489125 0.5477226 0.6480741 0.5477226 1.1 1.0535654 0.5477226 1.1 1.5811388 0.7549834 0.8602325 1.9621417 1.4899664 0.8246211 0.6403124 1.2409674 0.6164414 1.2922848 0.4690416 0.9165151 3.5014283 3.1827661 3.6891733 2.9291637 3.3896903 3.1368774 3.3615473 2.3769729 3.3211444 2.7404379 2.7313001 2.8930952 2.9034462 3.3436507 2.330236 3.1606961 3.1511903 2.7331301 3.4770677 2.6795522 3.5014283 2.7294688 3.7054015 3.312099 3.0099834 3.1543621 3.6097091 3.8065733 3.1906112 2.2737634 2.6551836 2.5475478 2.6210685 3.8144462 3.1638584 3.1272992 3.4539832 3.3015148 2.7221315 2.8319605 3.0951575 3.2280025 2.7477263 2.4062419 2.9103264 2.7748874 2.8390139 2.9698485 2.092845 2.7856777 4.8928519 3.9166312 4.8456166 4.3162484 4.6583259 5.6124861 3.482815 5.1749396 4.6636895 5.1468437 3.9306488 4.1496988 4.419276 3.9331921 4.1206796 4.2201896 4.2391037 5.7105166 6.0398675 3.8704005 4.669047 3.7603191 5.7349804 3.7496667 4.5265881 4.8321838 3.6207734 3.6455452 4.4654227 4.6249324 5.0803543 5.4607692 4.5066617 3.7894591 4.2449971 5.2915026 4.4877611 4.2035699 3.548239 4.3428102 4.594562 4.1821047 3.9166312 4.8176758 4.7 4.2296572 3.9370039 4.0521599 4.2544095 3.8065733
0.3316625 0.83666 0.7549834 0.8660254 0.2645751 0.3872983 0.6480741 0.4242641 1.1489125 0.7549834 0.3316625 0.5196152 0.8831761 1.2165525 0.7937254 0.8544004 0.3872983 0.3162278 0.6324555 0.0 0.5477226 0.1414214 0.7416198 0.5744563 0.6480741 0.8185353 0.4358899 0.3316625 0.4358899 0.7348469 0.7745967 0.509902 0.3741657 0.5830952 0.7549834 0.6855655 0.5477226 0.7549834 1.086278 0.4123106 0.3741657 1.6278821 0.9486833 0.4472136 0.4123106 0.8602325 0.1414214 0.7937254 0.244949 0.5291503 3.9268308 3.5341194 4.0902323 3.1080541 3.7429935 3.3704599 3.6905284 2.3937418 3.6972963 2.8618176 2.7820855 3.1638584 3.1796226 3.6414283 2.5436195 3.5594943 3.3660065 2.9916551 3.7696154 2.8879058 3.7603191 3.0413813 4.0162171 3.6124784 3.3674916 3.5369478 3.9987498 4.1725292 3.4727511 2.5079872 2.8372522 2.7294688 2.8757608 4.0828911 3.342155 3.4146742 3.8379682 3.6193922 2.9410882 3.0166206 3.2893768 3.5298725 2.9983329 2.4474477 3.122499 3.0166206 3.0757113 3.2954514 2.1400935 3.0199338 5.1749396 4.1496988 5.2191953 4.6162756 4.9699095 6.0116553 3.5623026 5.5623736 4.9989999 5.5181519 4.2626283 4.4609416 4.7717921 4.1460825 4.3428102 4.5265881 4.56618 6.1163715 6.4311741 4.1303753 5.0239427 3.9623226 6.1392182 4.0570926 4.8672374 5.2220686 3.9179076 3.9306488 4.7686476 5.0229473 5.4781384 5.8940648 4.8072861 4.1036569 4.5232732 5.706137 4.7770284 4.5199558 3.8196859 4.7095647 4.9264592 4.5486262 4.1496988 5.1584882 5.0289164 4.570558 4.2355637 4.3794977 4.5365185 4.0607881
0.4358899 0.7071068 0.8306624 0.8774964 0.5385165 0.5385165 0.8602325 0.4472136 1.1575837 0.6244998 0.3605551 0.6082763 0.7874008 1.3190906 0.8774964 1.0816654 0.6708204 0.4472136 0.509902 0.5477226 0.0 0.509902 1.0816654 0.4358899 0.6324555 0.5744563 0.4582576 0.3 0.3605551 0.7348469 0.678233 0.2828427 0.7615773 0.8602325 0.6244998 0.6708204 0.4242641 0.6244998 1.1489125 0.3605551 0.5830952 1.4798649 1.0954451 0.5830952 0.5744563 0.7874008 0.509902 0.8774964 0.3741657 0.509902 3.611094 3.2511536 3.7775654 2.7784888 3.4161382 3.082207 3.4322005 2.1095023 3.3630343 2.6095977 2.4494897 2.8896367 2.7802878 3.3436507 2.2605309 3.241913 3.1192948 2.6551836 3.407345 2.5495098 3.5298725 2.7110883 3.6810325 3.2939338 3.0364453 3.2140317 3.6565011 3.8716921 3.1843367 2.1470911 2.4959968 2.3769729 2.5475478 3.7907783 3.1128765 3.1874755 3.5312887 3.2434549 2.6776856 2.7055499 2.9899833 3.2403703 2.6627054 2.1377558 2.8266588 2.7386128 2.792848 2.9765752 1.8439089 2.7239677 4.9598387 3.8858718 4.929503 4.3393548 4.7095647 5.7113921 3.3391616 5.2516664 4.6765372 5.2848841 4.0062451 4.1641326 4.4911023 3.8768544 4.1133928 4.2906876 4.2860238 5.8694122 6.1139185 3.792097 4.7644517 3.7255872 5.8215118 3.7549967 4.6162756 4.932545 3.6290495 3.6674242 4.4922155 4.7085029 5.1584882 5.6338264 4.5354162 3.7973675 4.2166337 5.4055527 4.5672749 4.2532341 3.5623026 4.431704 4.6722586 4.2790186 3.8858718 4.9040799 4.7947888 4.302325 3.9242834 4.106093 4.3289722 3.8118237
0.3 0.7615773 0.7 0.8062258 0.2645751 0.4123106 0.6 0.3741657 1.086278 0.7 0.3605551 0.4795832 0.8246211 1.174734 0.842615 0.9219544 0.4123106 0.244949 0.6480741 0.1414214 0.509902 0.0 0.7416198 0.4582576 0.6164414 0.7416198 0.3316625 0.3 0.3872983 0.678233 0.7071068 0.4242641 0.509902 0.678233 0.7 0.6244998 0.5291503 0.7 1.029563 0.3605551 0.3162278 1.5394804 0.9055385 0.3162278 0.4123106 0.7745967 0.244949 0.7416198 0.2828427 0.4690416 3.8858718 3.485685 4.0459857 3.0298515 3.6864617 3.3136083 3.6441734 2.3086793 3.6482873 2.787472 2.6944387 3.1032241 3.1096624 3.5888717 2.4718414 3.51141 3.3090784 2.9342802 3.6972963 2.8178006 3.7067506 2.9782545 3.9560081 3.5623026 3.3136083 3.485685 3.9484174 4.1218928 3.4146742 2.4351591 2.7622455 2.6551836 2.8089144 4.0261644 3.2848135 3.3674916 3.7907783 3.5524639 2.8827071 2.9427878 3.2280025 3.4785054 2.9308702 2.3600847 3.057777 2.9631065 3.0166206 3.2403703 2.0445048 2.9563491 5.1244512 4.0865633 5.1710734 4.56618 4.9173163 5.9699246 3.4885527 5.5208695 4.9446941 5.4763126 4.2107007 4.4022721 4.7191101 4.0755368 4.2731721 4.4710178 4.5177428 6.0868711 6.3827894 4.0644803 4.973932 3.8961519 6.0967204 3.9949969 4.8218254 5.1836281 3.8561639 3.8742741 4.7116876 4.982971 5.4323107 5.8668561 4.748684 4.0521599 4.4743715 5.6586217 4.7265209 4.4732538 3.7616486 4.6583259 4.8713448 4.4911023 4.0865633 5.1097945 4.9769469 4.5110974 4.1689327 4.3243497 4.4855323 4.0062451
0.6480741 0.781025 0.509902 0.7071068 0.5656854 1.1224972 0.4582576 0.6708204 0.8306624 0.7745967 0.9486833 0.663325 0.7549834 0.6855655 1.2806248 1.4628739 0.9273618 0.6557439 1.3228757 0.7416198 1.0816654 0.7416198 0.0 0.9591663 0.9433981 0.9380832 0.7745967 0.7874008 0.7483315 0.728011 0.8062258 0.9848858 0.9327379 1.1532563 0.7745967 0.6 0.9539392 0.7745967 0.7 0.7348469 0.5196152 1.3416408 0.5385165 0.8306624 1.0677078 0.7549834 0.8062258 0.5656854 0.8660254 0.6403124 4.5880279 4.1641326 4.7370877 3.5651087 4.347413 3.9127995 4.3162484 2.7313001 4.3197222 3.3196385 3.1 3.7389838 3.6823905 4.2272923 3.0757113 4.2023803 3.9115214 3.5355339 4.2965102 3.3808283 4.3416587 3.6193922 4.5825757 4.1928511 3.9786933 4.1665333 4.621688 4.7979162 4.0484565 3.0166206 3.3015148 3.1906112 3.4146742 4.6411206 3.8652296 4.0261644 4.4766059 4.1653331 3.4899857 3.4971417 3.7907783 4.1243181 3.5270384 2.7892651 3.6414283 3.579106 3.6262929 3.8923001 2.5039968 3.5594943 5.7680153 4.6850827 5.850641 5.205766 5.5686623 6.6580778 3.9749214 6.1991935 5.587486 6.1692787 4.8805737 5.0428167 5.3907328 4.6540305 4.8713448 5.1283526 5.1749396 6.7926431 7.0590368 4.6486557 5.6524331 4.482187 6.7808554 4.6335731 5.4954527 5.8719673 4.494441 4.5144213 5.3525695 5.6674509 6.1139185 6.5825527 5.3888774 4.6936127 5.0842895 6.3553127 5.3786615 5.1283526 4.3954522 5.3394756 5.5371473 5.1730069 4.6850827 5.7810034 5.6462377 5.178803 4.7947888 4.9849774 5.1351728 4.6281746
0.4690416 0.5567764 0.6480741 0.6480741 0.5291503 0.678233 0.6244998 0.3872983 0.9110434 0.5291503 0.6164414 0.4472136 0.6557439 1.118034 1.1489125 1.2727922 0.7874008 0.4123106 0.8062258 0.5744563 0.4358899 0.4582576 0.9591663 0.0 0.4795832 0.4472136 0.2 0.4242641 0.4472136 0.5196152 0.4795832 0.3872983 0.9219544 1.0723805 0.5291503 0.6 0.6708204 0.5291503 0.9110434 0.3741657 0.5 1.2489996 0.8660254 0.2645751 0.5477226 0.5567764 0.591608 0.663325 0.5744563 0.4358899 3.6646964 3.2465366 3.8105118 2.6627054 3.4088121 3.0149627 3.4132096 1.9131126 3.3852622 2.4535688 2.2781571 2.8248894 2.7495454 3.312099 2.1587033 3.2710854 3.0298515 2.6191602 3.3555923 2.4677925 3.4568772 2.6795522 3.6496575 3.2771939 3.0413813 3.2310989 3.6823905 3.8704005 3.132092 2.0832667 2.3958297 2.2847319 2.4859606 3.7336309 3.0033315 3.1416556 3.5496479 3.2202484 2.596151 2.5942244 2.9034462 3.2109189 2.6 1.954482 2.7386128 2.6814175 2.7221315 2.9614186 1.6401219 2.6476405 4.8918299 3.7907783 4.9284886 4.3011626 4.6636895 5.7367238 3.1559468 5.2773099 4.6583259 5.2782573 3.9724048 4.119466 4.4698993 3.7603191 3.9887341 4.2308392 4.2638011 5.9076222 6.1261734 3.7296112 4.7423623 3.6041643 5.8532043 3.7054015 4.5956501 4.9598387 3.5721142 3.6083237 4.4395946 4.7455242 5.1826634 5.6947344 4.4766059 3.7749172 4.1844952 5.4267854 4.5022217 4.2261093 3.4928498 4.419276 4.6281746 4.2520583 3.7907783 4.8764741 4.7497368 4.2591079 3.8639358 4.0681691 4.2602817 3.7389838
0.591608 0.6480741 0.6403124 0.5385165 0.5744563 0.8306624 0.5477226 0.4472136 0.8124038 0.5196152 0.781025 0.3 0.6480741 1.029563 1.3601471 1.4177447 1.0049876 0.6 1.0099505 0.6480741 0.6324555 0.6164414 0.9433981 0.4795832 0.0 0.5385165 0.4123106 0.5744563 0.6403124 0.3741657 0.4242641 0.7483315 0.9055385 1.174734 0.5196152 0.7549834 0.9273618 0.5196152 0.8246211 0.5 0.6480741 1.2922848 0.7483315 0.5477226 0.5385165 0.6480741 0.5830952 0.5744563 0.7071068 0.5477226 3.7629775 3.324154 3.8974351 2.7055499 3.4971417 3.0232433 3.4727511 1.9 3.4626579 2.4677925 2.2803509 2.8896367 2.8160256 3.3496268 2.2338308 3.3749074 3.0413813 2.6400758 3.4423829 2.5019992 3.4957117 2.7694765 3.7080992 3.3 3.1272992 3.3301652 3.7696154 3.9534795 3.1843367 2.1563859 2.4310492 2.317326 2.5475478 3.7589892 2.9949958 3.1874755 3.6373067 3.3045423 2.6172505 2.6305893 2.894823 3.2526912 2.6551836 1.9621417 2.7622455 2.6944387 2.7495454 3.0298515 1.7088007 2.6870058 4.9355851 3.8236109 5.0059964 4.330127 4.7180504 5.8051701 3.1352831 5.3310412 4.7106263 5.3600373 4.0509258 4.1833001 4.553021 3.8039453 4.054627 4.3092923 4.3092923 5.9674115 6.2016127 3.7656341 4.8270074 3.6386811 5.920304 3.7815341 4.6551047 5.0169712 3.6455452 3.6619667 4.4966654 4.8052055 5.2583267 5.7671483 4.5398238 3.8131352 4.1785165 5.5335341 4.5585085 4.2626283 3.5454196 4.5122057 4.7148701 4.3760713 3.8236109 4.9446941 4.8321838 4.3669211 3.9446166 4.1448764 4.3150898 3.764306
0.5477226 0.2236068 0.4690416 0.4242641 0.6324555 1.0099505 0.6082763 0.4123106 0.6403124 0.2 0.8124038 0.4472136 0.3 0.8660254 1.3416408 1.5811388 1.0488088 0.5567764 1.0723805 0.8185353 0.5744563 0.7416198 0.9380832 0.4472136 0.5385165 0.0 0.4472136 0.5477226 0.4898979 0.3605551 0.2236068 0.6082763 1.1269428 1.3152946 0.2 0.4472136 0.7681146 0.2 0.6708204 0.4242641 0.591608 0.9165151 0.7 0.6403124 0.8831761 0.3 0.8062258 0.4898979 0.7681146 0.3605551 3.8845849 3.4785054 4.0249224 2.7766887 3.6027767 3.1859065 3.6537652 1.9748418 3.5749126 2.6191602 2.2912878 3.0430248 2.8354894 3.502856 2.3622024 3.4899857 3.2341923 2.7604347 3.4899857 2.5903668 3.6945906 2.8670542 3.8105118 3.4438351 3.2357379 3.4409301 3.8678159 4.0865633 3.3331667 2.2135944 2.5019992 2.3790755 2.6495283 3.9115214 3.2031235 3.3955854 3.7682887 3.3511192 2.7964263 2.7331301 3.0413813 3.4132096 2.7495454 2.0049938 2.9017236 2.8722813 2.9103264 3.1543621 1.7406895 2.8266588 5.1410116 3.9837169 5.1487863 4.501111 4.8877398 5.9472683 3.3045423 5.4726593 4.8311489 5.5443665 4.2166337 4.3162484 4.6968074 3.9420807 4.2154478 4.4833024 4.4743715 6.1595454 6.3206012 3.8587563 4.9869831 3.8118237 6.0481402 3.9025633 4.8373546 5.1768716 3.7788887 3.8288379 4.6486557 4.9436828 5.3795911 5.9439044 4.6904158 3.9585351 4.3370497 5.6524331 4.7634021 4.442972 3.7148351 4.6551047 4.8723711 4.5033321 3.9837169 5.1166395 5.0079936 4.501111 4.0484565 4.2953463 4.5221676 3.9522146
0.3162278 0.5 0.509902 0.5477226 0.3464102 0.6480741 0.4582576 0.2236068 0.8306624 0.4472136 0.5477226 0.2828427 0.5744563 0.9949874 1.0954451 1.2247449 0.7071068 0.2645751 0.8185353 0.4358899 0.4582576 0.3316625 0.7745967 0.2 0.4123106 0.4472136 0.0 0.3162278 0.3464102 0.4123106 0.4123106 0.4123106 0.7937254 0.9848858 0.4472136 0.4898979 0.6244998 0.4472136 0.8062258 0.244949 0.3316625 1.2489996 0.728011 0.2236068 0.509902 0.5 0.4582576 0.5291503 0.4795832 0.3 3.8275318 3.4088121 3.9749214 2.8337255 3.5805028 3.1733263 3.5707142 2.0639767 3.5524639 2.611513 2.4351591 2.9899833 2.9257478 3.4741906 2.3280893 3.4380227 3.1843367 2.7820855 3.5355339 2.6362853 3.6124784 2.8530685 3.8209946 3.4380227 3.2109189 3.4 3.8522721 4.0373258 3.2969683 2.258318 2.5651511 2.4535688 2.6570661 3.8961519 3.1527766 3.2939338 3.7148351 3.3985291 2.75318 2.7622455 3.0610456 3.3719431 2.7712813 2.1118712 2.9017236 2.8372522 2.8827071 3.1288976 1.8083141 2.8124722 5.0467812 3.9534795 5.0941143 4.4609416 4.8259714 5.9 3.3045423 5.4396691 4.8270074 5.4350713 4.1352146 4.2883563 4.6368092 3.9268308 4.1533119 4.3931765 4.4249294 6.0580525 6.2952363 3.9 4.9061186 3.764306 6.0183054 3.8768544 4.7539457 5.1185936 3.7416574 3.7709415 4.6054316 4.9071377 5.3497664 5.8455111 4.6432747 3.9382737 4.3416587 5.5955339 4.6572524 4.384062 3.6551334 4.5858478 4.7937459 4.4226689 3.9534795 5.0378567 4.9112117 4.4294469 4.0385641 4.2343831 4.414748 3.8961519
