0.0 2.958907 1.9761288 1.8819037 3.2642477 1.6102011 2.1135033 1.7434727 2.4676593 1.7559488 1.1113705 2.5858526 2.4834587 2.9524479 2.4214707 2.0175694 2.013185 2.2361506 2.28015 1.4803173 0.788613 3.0540692 2.0682281 2.8129588 2.8645055 4.8028988 2.5153553 3.0651622 2.617757 2.2774284 2.2065392 1.0310229 2.6144738 3.0189721 2.3816962 2.2279243 2.5859347 2.8670066 3.2877864 1.7644214 1.2394017 3.533748 1.3212707 3.5050393 2.237756 2.5091894 2.131738 1.95009 1.7660461 1.4554518 2.6752915 1.6834375 1.4037376 2.0564321 1.4877268 1.209268 0.8803629 1.8851957 0.8425392 7.6623117 6.4838355 6.0248435 4.7859573 3.8017175 5.6275582 3.488804 4.5127778 5.219344 5.1877636 4.9128024 5.525103 3.9149653 4.8442633 4.0918967 3.2089176 5.9125265 5.2158097 5.5819512 3.7883555 4.5505217 5.5247033 3.85794 5.9248074 6.4270886 3.9936587 4.3572473 5.7458122 6.1430865 5.7865677 6.086715 6.0860847 6.0990941 6.3370145 4.8086645 4.4104061 3.6096187 5.3418476 4.8118362 3.4019608 4.6325772 4.7902166 5.5525431 4.603064 5.8262783 4.7552767 6.3433108 5.3333061 5.8350251 5.0947533 4.0125311 5.2377275 5.0859043 5.9347375 5.5635257 5.5303772 6.4558138 5.6132255 4.8964732 6.7747749 5.5815097 4.3049426 6.0105053 6.0631407 5.801211 5.7106642 5.2213868 4.7043037 6.7376331 5.4196548 6.1676236 5.3355575 5.863862 6.3791264 5.6769146 6.3516717 6.715192 7.4349085 7.6709343 6.792101 6.1000598 6.4102813 5.8550019 6.6464922 5.9884375 5.7502923 6.0668171 7.9331348 7.1214806 6.2634354 6.3354451 5.9482211 6.0412245 5.4561035 6.3404373 6.2468295 7.207147 6.565438 7.0769629 5.3817006 5.4314741 6.6992899 5.7248415 6.4103305 6.0050852 6.4121284 7.0549698 5.8724003 6.42806 5.6246892 6.0925544 6.7796002 7.2150117 6.0467909 6.9697538 5.9816471 6.2357491 5.8007154 6.9938107
2.958907 0.0 3.4705865 4.013303 4.4317438 2.9799465 2.0192342 3.0724959 1.4986159 1.760139 2.639864 1.5454872 1.8131027 2.7751427 3.4438155 3.224243 3.9626034 3.5461706 3.6698217 2.7072127 2.5370637 3.5282182 1.7867998 2.2564085 2.9713177 6.2077964 2.4037151 1.2136178 3.6458688 1.2385326 3.7876651 2.5260413 2.0728046 4.2889874 2.9498236 2.6135676 2.9712325 2.40445 1.1297887 3.4792985 2.4593135 2.6001026 2.5704567 3.178452 1.8951092 3.2916928 2.7722093 1.9467466 2.5891695 2.5696544 1.82506 2.4429489 2.8303965 3.3787659 2.0654303 3.309 2.4781021 2.8041397 2.9227239 4.9991164 4.8759159 4.2591201 2.5545818 2.7734572 4.6106123 2.9702326 2.3493266 3.1074365 3.9778899 4.7237393 4.3392676 4.1234564 3.6928954 5.9270617 3.004311 3.9197551 2.6511481 4.4390066 3.2316149 4.4798399 3.7614524 2.3966276 4.897844 5.5426829 3.4989432 2.9261033 4.5900801 5.5861215 4.727678 4.7523678 4.4940337 4.959546 4.8275182 3.644876 3.4139573 4.9748749 5.7159984 2.7509757 2.4305188 3.7571405 2.6851852 3.4744521 4.0881741 4.0089664 3.0606918 5.2416193 3.5934718 4.6081672 3.5514576 4.156356 5.1348673 3.8640824 5.5693575 4.5492433 4.6384659 5.2622676 4.0227077 4.1302077 4.8799159 4.1159153 3.9954123 7.4817277 6.2784549 5.3507667 5.6824441 4.0432535 3.9250816 6.6658928 4.674019 5.2698973 4.6380173 5.0847041 5.667579 5.0987436 4.7766852 5.4379682 6.5499571 7.3153836 5.503225 5.6850697 5.7140644 4.6731214 6.096637 5.0885873 5.1509175 5.1671385 6.7406386 6.4550401 5.6612048 6.1272533 6.3322314 6.0116008 5.9299455 5.7363866 5.1353919 6.6828333 5.9465981 6.8890039 6.1231936 5.5103113 5.9317504 5.152233 5.8946029 5.151176 5.6012041 6.1469536 6.0330705 5.4767922 5.7679131 6.6459699 5.6162682 6.0504718 5.4554487 6.5111445 5.7606401 6.1107025 5.6153545 7.0299931
1.9761288 3.4705865 0.0 2.4261946 2.2312902 2.3997474 2.2572224 2.2421362 2.907646 2.0426016 1.8631696 2.8857278 2.4067624 3.0226157 3.1920849 2.4011714 2.1368429 2.019579 2.9843516 1.6873338 2.0749078 1.7564675 1.8888346 2.2738313 1.7876778 3.8405437 1.8776441 3.1653276 1.7217152 2.3080189 1.2396084 1.7693372 2.3216652 3.1899141 2.2129059 1.261266 2.3948566 2.5816883 3.5042064 2.2286351 1.3309252 2.7636274 1.4263191 2.6279307 2.1437642 1.846619 1.7000564 2.2227697 1.2835577 1.9849039 3.1938132 1.5156805 2.0204494 2.2471166 2.4726309 1.3728576 1.8705568 1.5424182 1.6846403 7.9610254 6.2725651 5.818419 4.7803229 3.1568937 5.1796492 2.8260795 4.2847553 4.6962511 5.0938902 5.8625548 5.2977654 2.4990876 4.0448049 3.7685258 2.8276657 5.7756953 5.2323332 5.1813107 4.5217799 3.0910351 5.0488517 3.2177871 4.9581242 5.2763677 3.2532109 4.0601121 4.9774273 5.0938128 4.7503087 4.9793565 5.2681124 5.1817166 5.4831162 3.9507062 3.9150719 4.4416346 5.3282579 4.4318849 2.7660408 3.4545918 4.7337342 5.2924328 3.5073369 5.2094861 4.0633587 5.170838 4.5664879 4.8952883 4.4196069 2.8345288 4.6070904 4.2080771 5.0085135 4.7105836 4.3566202 5.6047752 4.9622978 4.2986249 6.1751562 4.7344522 3.134787 4.6372569 4.6003928 4.4857658 4.3254454 4.1364442 3.4380231 5.3514998 4.234955 4.899341 5.6290732 5.5644744 5.8934393 5.3496939 5.7976622 6.1903688 6.5784228 6.5136775 6.1053365 5.1707202 5.6037341 5.341814 5.8124261 5.0896219 5.5900427 5.5731201 7.2445043 6.2158398 5.5463009 5.9551879 5.6776797 5.7353281 4.8960222 5.7375532 5.9281392 6.2970515 5.7972717 6.0837644 4.4016756 4.4344633 5.7761306 5.2342469 5.6274351 5.6391752 5.8765983 6.2353939 5.3192367 5.8927248 4.9830562 5.3406701 6.2796864 6.6766851 5.5220862 6.1673986 5.2655763 6.0137064 5.5796999 6.0194237
1.8819037 4.013303 2.4261946 0.0 4.1584304 1.5439051 2.4016077 2.7483239 2.841547 2.3666466 1.5954503 3.456236 3.0275885 2.6234118 1.5849754 2.7420685 2.4498741 2.8984457 1.758304 2.6654673 2.5132263 3.9117181 3.1650304 4.0300602 3.8849 5.5427321 3.0908512 4.1304614 3.3553977 3.1273458 2.6995115 1.931888 3.6987494 3.8720629 3.6046973 3.253469 3.7248191 4.0332976 4.5668855 2.3275249 2.4077604 4.1420155 1.7468325 4.2247856 3.408113 2.8192825 2.0862905 2.5601879 2.3375437 1.6758292 3.2618889 2.3868586 1.3367199 2.5711752 2.8815915 2.4014769 1.9108898 2.5259452 1.3066166 8.8654296 7.6221287 7.0902537 5.9818251 4.9933928 7.0021518 4.7644777 5.3046461 6.3782603 6.2806245 6.693294 6.8208472 4.8088346 5.9314977 5.2835379 4.7269081 7.3047057 6.4341251 6.9160029 5.5197764 5.4614644 6.8917159 5.0219581 7.0627282 6.9894682 5.3399353 5.8242669 7.0095752 7.3278635 6.840552 7.0963461 7.1592874 7.2036266 7.2758612 5.9697971 5.8635089 5.2918594 6.8749526 6.0572317 4.4662061 5.5809907 6.186472 6.8532041 5.7010931 7.0446296 5.9159051 7.2406311 6.4351552 6.816311 6.3043091 5.1700337 6.1215827 6.2272378 6.9402859 6.8208727 6.5616523 7.714245 6.9055622 6.3447833 7.5843785 6.655099 5.3949117 6.5591095 6.8535444 6.2348614 6.2582978 6.256528 5.5908957 7.5911815 6.4992493 6.9173402 6.6840654 6.8692584 7.3440765 6.7127388 7.1650722 7.4191654 8.1323713 8.1977989 7.3775458 6.8865589 7.182455 6.612426 7.3833336 6.5492294 6.5847806 6.8573806 8.4262979 7.5069251 6.6774259 6.9282253 6.6591828 6.70796 6.3024142 6.5965344 7.1287552 7.4628883 6.7734279 7.589014 5.0923269 5.4730006 7.2022938 6.4403404 7.1817307 6.8559734 6.8831285 7.5382222 6.2864768 6.932009 6.1626332 6.5052465 7.715109 7.7965235 6.3279544 7.1715656 6.4770239 6.6756938 6.3989325 7.0908634
3.2642477 4.4317438 2.2312902 4.1584304 0.0 3.6969989 3.6148335 2.4182189 4.2796518 3.6442906 3.5899731 3.5045287 3.4493705 4.7141446 5.052035 2.6894028 2.2905947 1.971101 4.2192973 2.6716381 3.2868914 1.9133744 3.0633693 2.5150301 2.0211133 2.0187657 2.6826062 3.6175918 1.7856322 3.5834483 1.9031046 2.9770649 2.6178505 2.464684 1.7453968 2.1116276 1.9142277 2.3581197 3.8973446 3.5140465 2.8105574 3.4524629 3.3303279 2.9938473 3.2661381 2.4847435 3.6756879 3.9382082 2.5226786 3.3935411 4.8771623 2.946557 3.788375 2.5955427 3.2543484 2.335077 3.2688803 2.3634107 3.3299282 7.9659479 5.2704171 5.0612373 4.5981996 3.8021716 3.9130917 2.2495171 5.4735619 4.7033984 4.1330012 5.6948251 4.2213447 2.2928238 3.2977006 2.7848726 2.9369374 5.2667535 5.4505161 4.1125709 4.323488 2.4837664 4.8960348 3.458383 3.9374935 4.3946861 2.979133 3.7154323 3.9006353 3.747355 3.722616 4.37578 4.495334 4.0355534 4.6055512 4.0750166 3.7500268 4.0682433 3.8088432 4.7101946 3.741887 3.8216707 4.873488 4.9874224 2.7752516 4.8965596 4.0638689 4.2120719 4.3197312 3.974101 4.340397 2.6210987 5.2267461 3.8842408 3.2882983 3.6749876 3.475716 4.9981301 4.62623 3.3883028 5.8342339 4.5632027 2.9500708 3.4533777 3.2531668 4.7625144 4.8312438 3.8926397 3.2489597 3.7160249 3.4596294 4.2058038 4.6312867 4.518868 4.6233178 4.313955 5.0032855 5.273295 5.3496846 5.1196475 5.3281987 3.6085785 4.2003103 4.528146 4.2942134 4.3388511 4.859333 4.7125073 6.5551822 5.3497452 4.7630247 5.0088927 4.4381366 4.748834 3.3148282 5.1505502 4.9683126 5.5041907 5.2886061 4.5486317 3.9018402 3.7991449 4.9169365 4.0082619 4.1243773 4.6643446 5.0811139 5.360306 4.154228 5.194871 3.6381059 4.0620821 5.2404306 5.8304428 4.86651 5.4335176 4.2087206 5.2385689 4.5339093 4.9858946
1.6102011 2.9799465 2.3997474 1.5439051 3.6969989 0.0 1.3187437 1.6756708 1.854544 1.6630325 1.131453 2.1039463 1.8399399 1.9686233 1.6823056 1.5383213 1.8722086 1.988414 0.9200916 2.3600609 2.1618074 3.6240592 2.3512135 3.1002328 3.1761018 5.1692601 2.0793768 2.9710695 2.6443649 2.2888545 2.2724035 0.9877371 2.5638088 2.8861305 2.6037475 2.6695567 2.6216861 2.8943564 3.4161188 2.6605035 2.0815662 3.5945125 1.5094613 3.8392213 2.9242951 2.4495279 2.1512017 2.2704818 1.6715682 0.6680647 2.9580761 1.5625152 0.9310875 1.4705001 2.1233212 2.2916936 1.491091 1.5476048 1.1556787 7.7427024 6.2600458 5.8769761 4.7377265 4.4274341 5.8628176 3.8296659 4.7301787 5.434542 4.9310207 6.1303347 5.7787343 4.3077726 5.0306456 5.1747648 4.1755518 6.2428504 5.4280333 5.9742172 4.751374 5.0421214 5.9818075 4.2032268 6.0956304 6.2618251 4.788056 4.8324934 6.0153108 6.4921826 5.9431322 6.2297405 6.1436683 6.2533288 6.2425915 5.4263806 5.1995482 5.0384761 6.2685028 5.2025218 3.9565011 5.0907636 5.2906251 5.84575 5.1030268 6.198374 5.0914202 6.4208359 5.5655838 5.9158813 5.6009291 4.7895641 6.2735665 5.5582219 5.9720501 5.886148 5.7556151 6.8307416 6.1166766 5.5752338 6.7123586 6.0141791 4.9977313 6.5918792 6.5299447 6.1979328 6.4264999 5.6141333 5.0565026 6.9787919 5.8681632 6.3367435 5.7336633 6.0440702 6.5179058 5.9999199 6.0475636 6.3870036 7.3110385 7.5876109 6.4372912 6.0316749 6.246681 5.6363146 6.4697224 5.8030641 5.9208233 6.0803563 7.7054626 6.8883196 6.0068331 6.378735 6.2025937 6.1992174 5.8091347 5.9413227 6.1606509 6.918421 6.2239414 6.866107 4.9107695 4.9930142 6.5461633 5.4517042 6.2914764 6.0018013 6.0659236 6.7873161 5.6909406 6.1321414 5.5057273 6.1825503 6.8207157 6.8971684 5.5500073 6.6180674 5.8580481 6.1338134 5.6321722 6.603082
2.1135033 2.0192342 2.2572224 2.4016077 3.6148335 1.3187437 0.0 2.0229117 0.8563056 0.8523222 1.3673488 1.2679864 0.7014083 1.4541837 2.1312404 1.9718376 2.5396619 2.2430818 1.9924792 2.1813539 2.2324151 3.065457 1.553219 2.3041871 2.5318382 5.3093935 1.2356413 1.9621219 2.5459498 1.1992607 2.417905 1.2338336 1.7913883 3.3179002 2.3847903 2.0501072 2.3711323 2.2424771 2.4697851 2.7894758 1.8039697 2.5592258 1.3158577 3.0393192 2.1685158 2.1463791 1.633551 1.6110743 1.2432467 0.8925826 2.254936 1.1879203 1.3143234 1.944224 1.9460305 2.4722939 1.5805769 1.3837767 1.6026709 6.7565952 5.5187716 5.0238126 3.7611621 3.4963456 5.1881638 3.1179412 3.5737178 4.2891681 4.327697 5.942201 5.0725467 3.7226783 4.1139697 5.447099 3.560683 5.2955178 4.3400147 5.2109663 4.3857471 4.3257262 4.9784384 3.150232 5.254815 5.4102033 4.033872 3.9672545 5.1693802 5.8019473 5.0472082 5.2111957 5.1296737 5.3772883 5.2624703 4.4326415 4.3657795 5.2649651 6.0969963 4.1017464 2.9985189 4.1125617 4.2893011 4.8147489 4.3017365 5.1216156 3.9973456 5.4767618 4.4590793 4.9775617 4.5572869 4.1837643 5.6259246 4.5661838 5.4348201 5.0552326 4.8668238 5.9524109 5.0948478 4.8369709 5.6387326 4.9515082 4.2141104 6.6145703 5.9831245 5.3320539 5.6812146 4.5862883 4.0976823 6.4066128 4.9943666 5.3997525 5.3367336 5.4526568 5.9234848 5.444908 5.1513588 5.6232761 6.5905299 6.9919457 5.6048813 5.4599842 5.6145589 4.8620173 5.9030367 4.9980652 5.4134113 5.3922886 6.9042481 6.2161846 5.3951835 5.9969646 6.0655487 5.8873718 5.6114092 5.3766252 5.4858904 6.3071644 5.5899074 6.410309 4.8263604 4.581933 5.8073895 4.954528 5.735981 5.383992 5.4529327 6.053379 5.4541852 5.4496929 5.2266056 6.0116624 6.0660058 6.1705278 5.0308115 6.068365 5.3920145 5.8507249 5.3487488 6.2428523
1.7434727 3.0724959 2.2421362 2.7483239 2.4182189 1.6756708 2.0229117 0.0 2.6183865 2.2598396 2.0235038 1.9055928 2.0620063 3.2024302 3.2822407 0.6546003 1.0406011 0.8514559 2.239768 1.9649031 2.0579537 2.9047672 2.2124254 2.3451996 2.4319896 3.8879804 1.8427197 2.5702581 1.8385017 2.4664277 1.7428531 1.169401 1.8467907 1.5698586 1.1749429 2.0991783 1.2423994 1.8381527 2.9475666 2.7661658 1.9819435 3.3689041 2.1498126 3.3556916 2.7252688 2.1129678 2.8437617 2.8219138 1.5535682 1.6073587 3.6419351 1.7489479 2.1644022 0.7502603 1.7689777 1.781962 1.7758872 1.1197799 1.8420962 7.3077769 5.1916368 4.9395597 4.0388403 4.0250366 4.5515251 2.7328216 4.9396815 4.8378556 3.8002205 5.2810368 4.5606457 3.5442863 4.0268105 4.0203166 3.3548846 5.333727 4.988836 4.7632731 3.8176057 4.1542712 5.2452795 3.6104806 5.0136119 5.4211934 3.8787849 3.8955168 4.8521279 5.2640231 4.8754943 5.382953 5.197193 5.1198409 5.2956185 4.8061867 4.3502264 4.012306 4.7687325 4.7112883 3.7415502 4.6215808 4.6958339 5.0582669 4.1045114 5.4210759 4.4394821 5.4468043 4.8355951 4.912245 4.9007222 3.9544032 5.953131 4.7468948 4.6165057 4.7432479 4.7573665 5.9216651 5.2903931 4.3976844 6.0948047 5.3195109 4.2049966 5.6094924 5.4288649 5.8466132 6.1064992 4.8748861 4.348626 5.7536718 4.8895984 5.5075058 4.5120338 4.9402458 5.3392834 4.8839943 5.1841946 5.49941 6.2783657 6.5347021 5.663316 4.7993644 5.086079 4.7447676 5.2735571 5.0065151 5.0246208 5.1510735 7.0190906 6.1156872 5.2433891 5.4603019 5.0778687 5.222658 4.5035396 5.3398043 5.1631608 6.2216843 5.6757896 5.7437141 4.449685 4.3820253 5.7307281 4.3420076 5.0811552 4.9907189 5.2934342 5.9871572 4.7055014 5.401694 4.3943804 5.1547248 5.7849959 6.0959336 4.9013306 5.9652153 4.9157044 5.351772 4.6398481 5.8309077
2.4676593 1.4986159 2.907646 2.841547 4.2796518 1.854544 0.8563056 2.6183865 0.0 0.9797173 1.7921322 1.3861009 1.1439159 1.598064 2.2299291 2.6403486 3.2572195 2.9948637 2.5057794 2.4730152 2.4195832 3.4966756 1.8369333 2.6384628 3.0514727 6.0486352 1.8915881 1.833395 3.2982792 1.1283838 3.212905 1.7938601 2.1941308 3.9729668 2.9247897 2.5373879 2.9284572 2.627194 2.2746194 2.9828479 2.1472157 2.6038314 1.7568221 3.2081249 2.1774944 2.6384933 1.8897095 1.4815256 1.8931429 1.4794031 1.7469987 1.8427253 1.7669153 2.6734897 2.0081548 2.9469627 1.8563752 2.1645698 2.0564528 6.2233645 5.5865325 4.9612008 3.5709215 3.5363701 5.4147713 3.4673076 3.1374605 4.1511928 4.4775976 5.7632427 5.117195 4.257681 4.2839682 6.0197387 3.7275153 5.1100764 3.935623 5.2757002 4.2437828 4.7407277 4.9204209 3.1897496 5.549603 5.6658477 4.2052378 4.0016669 5.3775503 6.1845113 5.3083003 5.409581 5.2308144 5.6012951 5.3967365 4.4568439 4.4025811 5.4474827 6.3422155 3.915451 3.0233952 4.2901299 4.0149264 4.6225599 4.5789263 5.0256393 3.9709196 5.7213566 4.4462875 5.1561724 4.4964233 4.5656403 5.5878869 4.6270528 5.8984022 5.3021682 5.1756855 6.1383507 5.0533267 4.9980575 5.4802005 4.9169473 4.4731445 7.3329044 6.4572504 5.4515082 5.8645533 4.7083909 4.3245275 6.9191622 5.253924 5.6121165 5.3188276 5.5200323 6.0674749 5.5309329 5.1992547 5.7014242 6.7926704 7.3575 5.6867987 5.8490537 5.919142 4.9438833 6.2506381 5.1784147 5.4176284 5.4568228 6.9084907 6.4137487 5.5783325 6.145481 6.330816 6.0518517 5.9934406 5.5200922 5.520913 6.5227849 5.733355 6.8350274 5.3642324 5.007473 5.9924677 5.2261278 6.0657599 5.459736 5.578572 6.2065825 5.80256 5.5207553 5.6172512 6.4230149 6.1070835 6.2201459 5.2111921 6.2787136 5.6711732 5.9794936 5.5539472 6.647383
1.7559488 1.760139 2.0426016 2.3666466 3.6442906 1.6630325 0.8523222 2.2598396 0.9797173 0.0 1.1075061 1.6374752 1.2185096 1.7643201 2.1290843 2.3690907 2.7952082 2.5798323 2.4320453 1.7426624 1.6547069 2.801552 1.1983743 2.1903432 2.4384622 5.4229488 1.6022749 1.9906914 2.7157017 0.7880747 2.5343223 1.2372296 1.9264959 3.6606023 2.5029647 1.8040822 2.5906585 2.3941434 2.3469769 2.3044125 1.2462931 2.3895671 0.8678752 2.7965544 1.5245357 2.2138614 1.2010679 0.8198326 1.2817863 1.11705 1.5508368 1.1807572 1.2388663 2.3758833 1.6084181 2.1284215 1.1801799 1.687613 1.354278 6.6533483 5.8253918 5.2298669 3.8331901 3.0175825 5.2719522 3.0722415 3.1132502 4.1247428 4.6782356 5.422536 5.1002955 3.607701 4.1151944 5.2037935 3.0718747 5.1658368 4.1274197 5.1457888 3.9777617 4.1447936 4.7237331 2.8963036 5.3151151 5.6133679 3.6426295 3.7680801 5.1762625 5.807055 5.0983939 5.2047476 5.1968881 5.4455517 5.4347317 4.0253938 3.9459594 4.8082611 5.888936 3.7840156 2.4774163 3.7839955 3.9393796 4.6626391 4.1177538 4.9118862 3.7702141 5.5493255 4.3293795 5.050068 4.235134 3.8382074 4.9508721 4.3118013 5.6699914 5.0278408 4.8615026 5.8382178 4.8227934 4.5974294 5.6749139 4.6779227 3.8573399 6.5474979 5.9015112 5.0250197 5.1964349 4.3666513 3.9065517 6.4927195 4.8352222 5.3695547 5.3098633 5.5083787 6.0268315 5.4206047 5.4439968 5.9419132 6.8174775 7.2172196 5.9093128 5.719221 5.9091679 5.1101957 6.2203129 5.2022127 5.4310522 5.5011873 7.0953124 6.4527947 5.6492438 6.1170054 6.1395234 5.9599499 5.6667487 5.6855121 5.6763229 6.5661466 5.8430461 6.742844 5.1971057 4.9443555 5.9978528 5.3105764 6.0190553 5.5300286 5.7647503 6.3131068 5.7439362 5.7117736 5.5047083 6.1626332 6.1780394 6.459091 5.4203618 6.3613629 5.6180938 6.0347371 5.6222388 6.6109255
1.1113705 2.639864 1.8631696 1.5954503 3.5899731 1.131453 1.3673488 2.0235038 1.7921322 1.1075061 0.0 2.245721 1.8334533 1.8701699 1.6084584 2.0224493 2.3090075 2.3087211 1.7402619 1.942119 1.4547149 3.1835809 1.6917685 2.6814548 2.7141531 5.1384124 2.0279422 2.8599028 2.4930973 1.8078371 2.1143463 0.9410486 2.3968161 3.281286 2.6143482 2.1472324 2.7050185 2.8431974 3.1392279 2.2765476 1.3829901 3.3122508 0.6898703 3.5315609 2.242885 2.5378577 1.5733201 1.5594757 1.5299826 0.9421729 2.2546997 1.0553563 0.4269808 2.0157285 1.9235636 1.8745817 1.1081331 1.6099806 0.7289035 7.5962117 6.4457251 6.0328389 4.6749178 3.630468 5.7515059 3.5288071 4.0401925 5.0241605 5.2168296 5.6669334 5.7866798 3.7792114 4.8548414 4.7683482 3.4661149 6.005916 5.0926189 5.8416865 4.4061296 4.573914 5.4274015 3.6926192 5.8390105 6.334009 4.1960319 4.4059246 5.7787098 6.1978876 5.7396643 5.8821673 5.975522 6.1053665 6.2123896 4.7626411 4.5651252 4.6163429 6.1044888 4.6341575 3.1360449 4.3806761 4.7915485 5.5563874 4.7104386 5.7914567 4.6120554 6.2512921 5.1964333 5.7998958 5.0765172 4.1041877 5.4744918 5.0991956 6.0198901 5.5861901 5.4422354 6.3317821 5.6251275 5.159727 6.6655893 5.5469222 4.3857125 6.2722707 6.2518726 5.7332201 5.6832065 5.121358 4.6073942 6.822562 5.4451881 6.1159046 5.8554161 6.186163 6.6739036 6.0659872 6.2525752 6.7025736 7.5118543 7.763994 6.7097815 6.2186184 6.491106 5.880025 6.7475345 5.9565542 6.1042944 6.2490367 7.9331542 7.1453714 6.3217882 6.6786082 6.4901744 6.4674341 5.9709184 6.3529893 6.4146141 7.2225882 6.5442607 7.1897838 5.3892174 5.3877702 6.7235084 5.8534746 6.5544327 6.2318345 6.4584547 7.0520293 6.1395391 6.4634339 5.8922278 6.4696383 6.9516283 7.2335279 6.0430953 6.9919801 6.1682646 6.5562384 6.1044652 7.0417196
2.5858526 1.5454872 2.8857278 3.456236 3.5045287 2.1039463 1.2679864 1.9055928 1.3861009 1.6374752 2.245721 0.0 0.8636634 2.4349247 3.2040795 1.9407965 2.7844524 2.2649936 2.7382971 2.4253706 2.5027605 3.1480141 1.6374058 1.8507471 2.4141986 5.1771144 1.3493102 1.0429497 2.6261157 1.3736226 2.8069431 1.7451344 1.1862193 3.0092829 1.9098748 2.1487608 1.8164679 1.4615239 1.5404735 3.3465784 2.2456306 2.5554419 2.250023 3.0308558 2.2478498 2.4878666 2.6381036 2.2797185 1.7705506 1.7862798 2.7477244 1.7670256 2.3512092 2.0701164 1.8478228 2.8224986 2.1365261 1.6723305 2.4306634 5.8102714 4.3591975 3.95727 2.6568429 3.3096166 4.1842711 2.4769752 3.530405 3.5773221 3.1780182 5.3328142 4.0752917 3.6661245 3.3984348 5.3870601 3.2386617 4.2957065 3.5256923 4.3042477 3.6595674 4.1657769 4.2651621 2.6559949 4.5297804 4.9566019 3.6456966 3.1264658 4.3279794 5.1563531 4.3589061 4.6201356 4.3124936 4.5944248 4.4552809 4.1052266 3.838642 4.9734843 5.4162441 3.5020485 2.980019 3.9938626 3.5441984 3.9137758 3.8900071 4.413392 3.4163735 4.8816287 3.8040813 4.2690466 4.0219446 4.0585412 5.7695775 4.0643555 4.7031123 4.2944363 4.3114312 5.3092801 4.433634 4.1371858 4.9707652 4.4762326 4.0292823 6.7269871 5.7661966 5.471549 5.9512166 4.176753 3.8511339 5.977374 4.5423685 5.0252532 4.396821 4.6973973 5.1718064 4.7732587 4.2752605 4.8287222 5.9394599 6.55147 4.937873 4.8161894 4.8923367 4.1069565 5.2059129 4.5169696 4.834753 4.7531731 6.3809199 5.8224615 4.977627 5.5482622 5.6431844 5.4474516 5.173515 5.0263862 4.6587432 6.0019702 5.3289182 5.9119658 5.0169337 4.5097206 5.3687005 4.2147737 5.0398365 4.6588615 4.9011698 5.540407 5.0755818 4.8995021 4.7873919 5.7868964 5.2723265 5.4991379 4.6058012 5.7780911 4.9771753 5.4601557 4.7807594 6.0320684
2.4834587 1.8131027 2.4067624 3.0275885 3.4493705 1.8399399 0.7014083 2.0620063 1.1439159 1.2185096 1.8334533 0.8636634 0.0 1.7495007 2.735736 1.9766219 2.7172326 2.1992444 2.4269584 2.3929459 2.4812618 2.9564406 1.332976 1.8323498 2.1623835 5.108442 0.8602967 1.5310689 2.3342246 1.1170812 2.425242 1.5804281 1.2625617 3.1771042 2.1241961 1.8791128 2.0382146 1.7587234 2.0069544 3.2230193 2.0221232 2.4166608 1.7592057 2.954679 2.1610746 2.3208051 2.0747372 1.9577586 1.4196554 1.4620723 2.5251559 1.2412112 1.875883 2.0066637 2.1231456 2.7076248 2.0140929 1.3593762 2.1210445 6.3569935 4.9062413 4.522733 3.2140804 3.152662 4.5880528 2.6185815 3.3578292 3.7529991 3.7856777 5.85124 4.6338343 3.3539899 3.6217661 5.3773648 3.2944824 4.7972745 3.9131801 4.7643442 4.2262705 3.9906277 4.4279534 2.6798246 4.6355992 5.0270738 3.7095064 3.4343498 4.5772523 5.2436272 4.4857187 4.6170307 4.5362636 4.8135432 4.6901156 4.0626734 3.9807791 5.2960169 5.8730126 3.6265416 2.7278171 3.7195173 3.8711201 4.3207446 3.9208062 4.6345243 3.5021476 4.9530153 3.9381947 4.4628558 4.1396129 3.8775829 5.6410008 4.1499405 4.9041699 4.4732206 4.318084 5.3474071 4.6161922 4.3982073 5.2476084 4.5551391 3.914412 6.4652218 5.6866932 5.2335172 5.6046572 4.1392989 3.7253725 5.9600042 4.5433543 5.0174677 5.0853139 5.1812055 5.6075785 5.2154971 4.6600294 5.2281488 6.2163344 6.6715966 5.2304389 5.0510586 5.1926514 4.4970896 5.4928596 4.6855839 5.2847131 5.1317358 6.6456127 5.9849728 5.1996429 5.9019412 6.0116601 5.8162118 5.4669279 5.2431262 5.1560053 6.1290553 5.4621658 6.0917773 4.8912457 4.4875277 5.5374063 4.6190006 5.3496911 5.1117278 5.2223591 5.7638612 5.3432169 5.217308 5.0526899 5.9523487 5.7047624 5.8627705 4.8655844 5.9267908 5.215364 5.8235711 5.214317 6.1029609
2.9524479 2.7751427 3.0226157 2.6234118 4.7141446 1.9686233 1.4541837 3.2024302 1.598064 1.7643201 1.8701699 2.4349247 1.7495007 0.0 1.635019 2.9356829 3.532704 3.2769765 2.0874188 3.3939782 3.1532098 4.150096 2.3929814 3.2959609 3.4042896 6.1922518 2.2824627 3.0999559 3.3037179 2.1740468 3.143536 2.3448945 2.8879454 4.2373906 3.6352745 3.0887471 3.5616898 3.453247 3.4323608 3.7595594 2.8363923 3.5962869 2.0126745 4.1908896 3.1880001 3.3853055 2.1944394 2.3186766 2.4730466 1.9155984 2.5769457 1.9262367 1.6509015 2.9028542 3.2224032 3.5485342 2.6453792 2.4521894 2.3903051 7.4815753 6.4680769 6.1345189 4.7268055 4.1031114 6.211628 4.1877441 3.8022515 5.0613263 5.423699 6.9935544 6.3568564 4.3694613 5.236445 6.3134634 4.5169217 6.3300879 5.1425807 6.4595458 5.5784136 5.2318134 5.6620857 4.026373 6.0681175 6.4361277 5.0665877 4.9144825 6.1481247 6.67562 6.0091149 5.9298837 6.0564757 6.3972649 6.2233894 5.2302584 5.3052059 6.3459983 7.4493297 4.7893468 3.5679371 4.6551113 5.1500563 5.7973605 5.3753112 6.0385591 4.8369228 6.4144283 5.3394371 6.0290239 5.4655663 4.9703514 6.3986181 5.5486357 6.4611492 5.9925801 5.7327809 6.5341188 6.0019718 5.9519865 6.6191988 5.8731094 5.1353326 7.299433 7.0018201 6.1290669 6.286837 5.4361804 5.0042919 7.3434376 5.942079 6.3846491 6.7324586 6.8167993 7.2613618 6.8289469 6.2014855 6.7541866 7.7554718 8.1094041 6.6753717 6.6423902 6.7929876 6.0625934 7.0757515 6.1284839 6.7772469 6.6798257 7.9927978 7.3365553 6.5807369 7.3371099 7.4677265 7.2636437 6.991591 6.5105853 6.7634376 7.4022117 6.6757123 7.5551292 5.7829668 5.6385161 6.9456917 6.2084626 6.9555011 6.7055845 6.6376701 7.1728739 6.739169 6.6270675 6.5236559 7.2944116 7.3209057 7.3121138 6.1701323 7.17318 6.6585334 7.1591589 6.6878435 7.3152644
2.4214707 3.4438155 3.1920849 1.5849754 5.052035 1.6823056 2.1312404 3.2822407 2.2299291 2.1290843 1.6084584 3.2040795 2.735736 1.635019 0.0 3.1269182 3.4018885 3.5436358 1.6948836 3.3064861 2.8376744 4.5853753 3.0558289 4.1070978 4.1681294 6.5032088 3.1804569 3.9156911 3.8444692 2.861047 3.4142601 2.2914072 3.7216934 4.4350581 4.0692303 3.6302516 4.1005761 4.2039783 4.2441848 3.2104273 2.8463788 4.3207572 1.979177 4.6983005 3.5233457 3.5987488 2.3059004 2.4171516 2.8110251 1.8792926 2.6794938 2.4274029 1.2884883 3.0778557 3.1455788 3.3043598 2.3412107 2.9073117 1.9216474 8.3234035 7.5328921 7.079544 5.7079808 4.8927369 7.1445909 4.9957416 4.6902635 6.1502217 6.3212076 6.8588701 7.0771457 5.1765554 6.1677127 6.2179692 4.9709729 7.2010557 6.0385805 7.2025642 5.6848171 5.9878464 6.6768064 4.9660056 7.1924404 7.4128161 5.6696052 5.7743472 7.1687906 7.6522164 7.0778108 7.1385489 7.2049498 7.4434846 7.3792545 6.0511053 5.9824978 5.9591346 7.6121558 5.7652751 4.3324407 5.6157349 5.9399633 6.7212391 6.1389678 7.0136096 5.8426741 7.5141661 6.4048337 7.0602402 6.3351687 5.5884914 6.5466238 6.4150071 7.3877067 7.0014752 6.8009533 7.6520754 6.9236011 6.6561092 7.6020403 6.7675255 5.8051592 7.5858557 7.6564097 6.7278165 6.7585182 6.4107104 5.897379 8.2257528 6.8473922 7.3251547 7.0648664 7.3552138 7.8810742 7.2823059 7.2504019 7.6588519 8.6156387 8.9033831 7.623406 7.4660717 7.6618893 6.895219 7.9205477 6.9749451 7.1281873 7.3132359 8.780767 8.0718734 7.2311954 7.663765 7.5993087 7.5025756 7.2601377 7.110179 7.4635648 8.0776309 7.3066488 8.3033236 6.0862701 6.2178993 7.7233257 6.9202206 7.744027 7.3098142 7.3236718 7.9890302 7.1187113 7.3282605 6.9786036 7.5483093 8.0782901 8.1176536 6.8018582 7.7891409 7.1934817 7.3966281 7.058594 7.8941617
2.0175694 3.224243 2.4011714 2.7420685 2.6894028 1.5383213 1.9718376 0.6546003 2.6403486 2.3690907 2.0224493 1.9407965 1.9766219 2.9356829 3.1269182 0.0 1.1556703 0.7925857 1.8722069 2.4683536 2.420556 3.2773749 2.3132984 2.5003823 2.5360008 3.9549369 1.7996822 2.7734725 1.7031953 2.6202868 1.6603024 1.3472343 1.924382 1.4010647 1.5059644 2.343433 1.4166834 2.0282564 3.1338763 3.2269055 2.3254842 3.6744317 2.2617243 3.7670213 3.0868344 2.4758284 2.9973573 3.0484852 1.7708315 1.6457175 3.8287268 1.6669023 2.0976617 0.3640281 2.2553258 2.2384839 2.1114668 1.07212 2.0108614 7.5475599 5.2558414 5.1692071 4.219135 4.2203355 4.7055714 2.9452218 5.0821268 5.034739 3.9032567 5.7785626 4.9368599 3.5953878 4.3105881 4.2676699 3.7077908 5.644829 5.2413232 5.1525352 4.3294801 4.4049688 5.4168459 3.8326112 5.0921257 5.6448111 4.2565682 4.1309211 5.0386736 5.3865417 5.0549048 5.4846295 5.3707405 5.3240367 5.4564644 5.1002025 4.6905182 4.5193141 5.2939274 4.9178252 3.9262101 4.7696447 4.9936825 5.353711 4.4391626 5.7132905 4.6727905 5.6355437 5.0686266 5.1514343 5.2197176 4.1861641 6.4122991 5.0747908 4.7149144 4.9180257 4.9068159 5.9772774 5.5886103 4.7619978 6.3883555 5.6490546 4.5296136 5.7039772 5.7249151 6.2018883 6.4279736 5.1283747 4.616917 5.9051066 5.1557868 5.7921392 5.0077662 5.3939181 5.7510772 5.3839302 5.3663945 5.7303632 6.5600892 6.7930851 5.8866029 5.0306819 5.3118195 5.0322722 5.4843317 5.2919861 5.5256012 5.556636 7.3361401 6.4134278 5.5624213 5.9194738 5.5828146 5.7190544 4.9772858 5.6330056 5.5176561 6.5120061 5.9761968 5.9545204 4.6254096 4.5918308 6.0415281 4.5953474 5.3348618 5.3930919 5.5852963 6.2651209 5.0521838 5.7141054 4.7320528 5.5612124 6.155693 6.3731717 5.1493198 6.2522791 5.2743347 5.7863889 5.022335 6.0492841
2.013185 3.9626034 2.1368429 2.4498741 2.2905947 1.8722086 2.5396619 1.0406011 3.2572195 2.7952082 2.3090075 2.7844524 2.7172326 3.532704 3.4018885 1.1556703 0.0 0.8839625 2.2310972 2.3100002 2.5386131 3.0678923 2.8676638 3.0375579 2.8479315 3.5280801 2.3371383 3.457874 1.9168592 3.1531625 1.5100981 1.6330498 2.6263811 1.6564624 1.8412865 2.5101139 1.9296931 2.6225009 3.8971819 2.8064827 2.3584536 3.8229422 2.3921519 3.6845001 3.3139554 2.1443708 3.0042929 3.2875538 1.8543228 1.9229009 4.2141242 2.1726958 2.3492611 0.9319324 2.4793566 1.8391995 2.154753 1.4894178 1.9626122 8.2675264 5.9439506 5.6879466 4.9557605 4.6343869 5.2192224 3.3636853 5.6449184 5.6162371 4.5379832 5.9855893 5.2412463 3.74951 4.6032532 3.8495277 3.9372362 6.1848132 5.8925015 5.4082213 4.6174243 4.3587251 6.0200231 4.3069812 5.5352257 5.6759418 4.396425 4.704297 5.4567335 5.6538721 5.361636 5.9100192 5.8245426 5.6385378 5.859343 5.3681591 5.0056459 4.3282253 5.1194533 5.5082786 4.3234576 5.072171 5.5614048 5.8872715 4.498313 6.1296971 5.1351642 5.8578194 5.5068367 5.4179611 5.5569676 4.2452725 6.2259626 5.3066449 4.9185928 5.310795 5.1958618 6.5127828 5.9743644 4.9885722 6.7028832 5.8949725 4.5570913 5.1725235 5.4167849 5.9923267 6.2006761 5.3816048 4.731881 5.8305095 5.2923409 5.8127807 5.1579782 5.3994806 5.7266714 5.2958805 5.7683249 5.9675552 6.5651174 6.5790265 6.0771244 5.0179912 5.3880816 5.2305682 5.5090933 5.3065527 5.4078347 5.5509786 7.3476604 6.2642904 5.431715 5.6170681 5.106248 5.3652761 4.5145613 5.5059039 5.6690336 6.2955762 5.8069171 5.7635401 4.0139196 4.2611972 5.9480412 4.6688196 5.3291539 5.4178799 5.5777894 6.2419384 4.6821607 5.7307926 4.4070334 4.9665648 6.2693916 6.4792161 5.0937432 6.0270441 5.0162518 5.4742348 4.8383113 5.6797939
2.2361506 3.5461706 2.019579 2.8984457 1.971101 1.988414 2.2430818 0.8514559 2.9948637 2.5798323 2.3087211 2.2649936 2.1992444 3.2769765 3.5436358 0.7925857 0.8839625 0.0 2.3802324 2.3415437 2.5822616 2.7645142 2.3808811 2.356228 2.1849969 3.2976141 1.7039632 2.9173946 1.2496373 2.7638115 1.1870564 1.6010128 1.9080624 1.3373138 1.2243948 2.0439644 1.1913246 1.9042611 3.3218244 3.1445751 2.2742314 3.4472457 2.3473167 3.4080228 3.0427562 2.1167738 2.9620634 3.1771702 1.6165462 1.9245584 4.0740035 1.7847902 2.3984867 0.6383589 2.4412025 2.027378 2.269345 0.9671441 2.1688858 7.7381084 5.2217764 5.09222 4.305494 4.0860423 4.4868467 2.6521736 5.1730901 4.936045 3.8779497 5.8947191 4.7316016 3.1212525 3.9674315 3.8520564 3.5049919 5.5861188 5.328323 4.8801437 4.4083109 3.8371789 5.3176849 3.6751043 4.7423511 5.1591291 3.9204672 4.0346292 4.7210064 4.93596 4.6423377 5.1392107 5.0894638 4.9360835 5.1475824 4.8242635 4.4760102 4.4657816 4.9599881 4.8765952 3.8233422 4.4637692 5.0075299 5.2767923 3.9615388 5.5061578 4.4849883 5.1804931 4.8372731 4.7645091 4.9886774 3.747807 6.1050322 4.7409564 4.2356116 4.5728901 4.468242 5.7333296 5.3564478 4.432258 6.1806204 5.3468355 4.0846035 5.012426 5.0288399 5.7239044 5.9506368 4.7638134 4.174529 5.2590139 4.6828516 5.2849799 4.9140303 5.0986322 5.3820633 5.0487118 5.1611008 5.4823732 6.1219379 6.2046411 5.5949559 4.51308 4.8763147 4.768616 5.0210121 4.8782568 5.2683656 5.2316758 7.0086083 5.9624545 5.1683609 5.5497607 5.1639092 5.3455449 4.4377369 5.3035482 5.282889 6.0555044 5.5962778 5.4002667 4.0805476 4.0813136 5.5912767 4.2638954 4.8739005 5.1020449 5.2806043 5.8688987 4.6025879 5.422 4.2387794 4.9868477 5.8485319 6.0983303 4.8561273 5.8314161 4.8115206 5.4867958 4.727405 5.5189904
2.28015 3.6698217 2.9843516 1.758304 4.2192973 0.9200916 1.9924792 2.239768 2.5057794 2.4320453 1.7402619 2.7382971 2.4269584 2.0874188 1.6948836 1.8722069 2.2310972 2.3802324 0.0 3.2312614 2.9133044 4.3769697 3.0204496 3.748934 3.7537458 5.4255655 2.6638506 3.7028549 2.974228 3.0523773 2.6070611 1.8215744 3.1835614 3.0327092 3.2217608 3.3838572 3.168845 3.5347595 4.1052591 3.4586724 2.9003362 4.4062069 2.2275843 4.6820705 3.7724043 3.2189223 2.8546017 3.06302 2.4574957 1.5486322 3.6514867 2.1187486 1.4699452 1.8026613 3.0011015 3.0309772 2.3648323 2.1238341 1.9054966 8.4067877 6.720258 6.5132995 5.3831736 5.0998773 6.3990312 4.4662651 5.385204 6.1269011 5.4158252 6.8535194 6.5049524 4.7784447 5.7448871 5.5482942 4.9103064 6.9789211 6.1580598 6.727528 5.5397849 5.6913486 6.615833 4.9223831 6.6066909 6.8902261 5.559146 5.5044242 6.6205067 7.0006683 6.5541017 6.798698 6.7733315 6.8760693 6.8488763 6.1790761 5.9545629 5.6575488 6.9738755 5.9007302 4.6399079 5.7135232 6.0470684 6.5931457 5.837836 6.9530015 5.8115774 7.0446326 6.2793 6.5863498 6.3810859 5.4064049 7.1029901 6.3317518 6.4233217 6.480839 6.3439547 7.3207595 6.8661227 6.3110377 7.4566827 6.8035387 5.7317161 6.8735687 7.1509324 6.9705573 7.1400507 6.3307933 5.7778867 7.4722225 6.5543791 7.0467337 6.4817715 6.8082253 7.2410833 6.7969441 6.6489127 6.9929868 7.9462194 8.1676247 7.0535412 6.5965874 6.8184241 6.306151 7.0083776 6.4799004 6.7150832 6.8308928 8.3914667 7.5293504 6.6611318 7.0957323 6.889224 6.9318532 6.4816483 6.5604683 6.8578532 7.5357547 6.86601 7.3695816 5.3142786 5.5154006 7.2210553 6.0198565 6.8664894 6.728897 6.6926665 7.4261357 6.2697342 6.7963184 6.0887094 6.7940377 7.5497324 7.5305015 6.1196129 7.2184451 6.5098095 6.8062145 6.2549731 7.0867253
1.4803173 2.7072127 1.6873338 2.6654673 2.6716381 2.3600609 2.1813539 1.9649031 2.4730152 1.7426624 1.942119 2.4253706 2.3929459 3.3939782 3.3064861 2.4683536 2.3100002 2.3415437 3.2312614 0.0 1.210524 1.8705544 1.8868616 2.2732195 2.3555119 4.5699976 2.2045796 2.4667244 2.653444 1.8844514 2.3664725 1.4776976 2.2482039 3.3576421 2.0006653 1.5254985 2.3139308 2.3272888 2.81499 1.2024058 0.7514554 2.3325917 1.5543546 2.1050455 1.329102 1.5434591 1.8140669 1.6570843 1.3122783 1.825763 2.5515763 1.9780177 2.1901046 2.4348537 1.0774206 0.8563768 1.0256423 1.918733 1.5144571 6.9466507 5.8718234 5.1148676 4.090524 3.15081 4.9614715 2.7721499 3.9557771 4.3286797 4.6179156 4.564629 4.486273 3.4110932 3.7301874 4.0921774 2.4661685 4.9722844 4.4146171 4.4670194 3.1713957 3.5213158 4.8235412 2.9830953 5.1756733 5.2173346 2.9318954 3.6452798 4.8704353 5.3896549 4.7928471 5.1993406 5.0951229 5.083584 5.3154036 3.7708292 3.490946 3.5119272 4.5062639 4.0386984 2.7752197 3.840013 3.9732092 4.5723537 3.4250544 4.7362685 3.7884269 5.2388171 4.286827 4.7055586 3.9867845 3.2822778 4.1333046 3.8957365 5.1954405 4.7179167 4.6003905 5.8643339 4.562851 3.8841076 5.5476522 4.3563637 3.2090286 5.6614271 4.9457779 4.4557746 4.6138822 4.1138651 3.5325937 5.8269124 4.3173738 4.8716278 4.4084785 4.6469565 5.1664024 4.4012019 5.3509489 5.6574103 6.2265013 6.4773459 5.6701722 5.0655931 5.3644721 4.7386727 5.6336123 4.7485189 4.5051422 4.7967244 6.6568749 5.8703112 5.060417 5.1207171 4.8541906 4.8382217 4.3524442 5.2109754 5.1207386 5.9803028 5.3563719 6.0438458 4.5791866 4.4233898 5.4179224 4.7706253 5.359703 4.8125317 5.2941667 5.8362774 4.84759 5.2573284 4.5969005 4.9849566 5.5502024 6.0726073 5.0280147 5.794339 4.7956542 5.1335047 4.8013668 5.9579635
0.788613 2.5370637 2.0749078 2.5132263 3.2868914 2.1618074 2.2324151 2.0579537 2.4195832 1.6547069 1.4547149 2.5027605 2.4812618 3.1532098 2.8376744 2.420556 2.5386131 2.5822616 2.9133044 1.210524 0.0 2.7730308 1.7573352 2.4726331 2.6453326 4.9437952 2.5348363 2.7240464 2.7795178 1.9630929 2.5141668 1.3770976 2.434471 3.3575684 2.3434952 1.9780001 2.5868841 2.6762401 2.8304474 1.7212421 0.9611435 3.1915609 1.4501443 3.1519267 1.6527977 2.5828192 2.124573 1.6518152 1.8589853 1.8277368 2.283874 1.800534 1.8294416 2.5070227 1.18925 1.2557877 0.986436 2.1185696 1.3303402 7.1033735 6.2250482 5.6921893 4.3644717 3.2099755 5.2790209 3.1469118 3.9549794 4.6659299 5.0122905 4.2988733 5.1222246 3.699976 4.4468506 4.062305 2.5866462 5.3417452 4.6216413 5.1166976 3.1728555 4.2123805 4.92836 3.3334806 5.5783407 6.2103439 3.4170606 3.8093141 5.3337324 5.8144428 5.4246948 5.6796156 5.6760709 5.7285571 6.0005963 4.1975282 3.7592337 3.2671207 4.9800173 4.1924136 2.8411689 4.149817 4.1227981 4.976694 4.1711894 5.2373954 4.2006125 5.9968715 4.8161515 5.468836 4.4797623 3.5950215 4.6328905 4.5363161 5.7794938 5.1517497 5.1667768 5.9999223 5.0025833 4.3593037 6.3486679 5.0063782 3.8129516 6.0581136 5.8162291 5.4080502 5.2708175 4.7141274 4.2767854 6.5419213 4.9752437 5.8045296 4.9815636 5.5553204 6.100206 5.3425749 6.093724 6.5158948 7.2173911 7.5360313 6.59031 5.9593604 6.2536381 5.6263182 6.5260641 5.7790914 5.4772391 5.7920606 7.6911648 6.9770741 6.1443909 6.1922318 5.8609116 5.8923025 5.3419874 6.2767881 5.9876006 7.1109413 6.4689353 7.0370006 5.6219279 5.5092116 6.50249 5.6416049 6.2731809 5.755033 6.2968862 6.8820524 5.8971061 6.2643669 5.621303 6.0938626 6.4516762 7.0258246 6.0279945 6.9133843 5.8920035 6.1723474 5.7581282 7.0578923
3.0540692 3.5282182 1.7564675 3.9117181 1.9133744 3.6240592 3.065457 2.9047672 3.4966756 2.801552 3.1835809 3.1480141 2.9564406 4.150096 4.5853753 3.2773749 3.0678923 2.7645142 4.3769697 1.8705544 2.7730308 0.0 2.34269 2.0193821 1.6860476 3.7906472 2.3329934 2.8876593 2.481899 2.5848308 2.4555315 2.778372 2.3707663 3.7774429 2.2219603 1.3015504 2.473947 2.3127705 3.1947856 2.6735706 1.9930667 1.9216224 2.6361474 1.3638811 1.9398242 1.8550144 2.5616916 2.7676161 1.9953172 3.0560152 3.6203762 2.6400057 3.3986832 3.1813367 2.6919934 2.0564296 2.6945125 2.4406352 2.9369104 7.06385 5.4653192 4.763315 4.0360733 2.6015945 4.2226224 2.0761016 3.9907539 3.6747122 4.4402416 5.2888991 4.0075307 2.186599 2.6814589 3.863671 2.0813657 4.5720805 4.3709424 3.7433551 3.8288464 1.7485029 4.1272242 2.3412582 3.9589232 3.952871 1.9111577 3.1687863 3.7797138 4.0390745 3.4606157 3.8653592 4.020626 3.8474907 4.2475933 2.7145274 2.7627084 4.2507443 4.2050163 3.5806034 2.4176526 2.6491602 3.8000915 4.1016499 1.9169251 3.8503916 2.9462035 3.788166 3.3091879 3.4930869 3.0792633 2.007202 3.5782884 2.7079178 4.067956 3.5496545 3.1547916 4.7681188 3.6116938 2.9099021 4.8311641 3.2474779 1.7100739 4.486483 3.2033891 3.1409761 3.2876577 2.7527225 1.9856709 4.2020467 2.7561427 3.3356674 4.5474138 4.2026882 4.4804916 3.9187579 4.6974504 5.0624365 5.2040722 5.1932017 4.9448669 3.9715645 4.4105766 4.1748606 4.6610208 3.8049174 4.3429563 4.2165648 5.9309451 4.9666269 4.4053057 4.7701091 4.6024138 4.5602368 3.7122685 4.7720179 4.6969525 5.1402021 4.7408668 4.9908677 4.0997458 3.7287781 4.441024 4.262961 4.4313505 4.3599045 4.815914 4.9863616 4.4130196 4.7640033 4.0120765 4.3147722 4.8519382 5.4979151 4.6829974 5.1180933 4.1110325 5.0469344 4.6588214 5.1475041
