0.0 31.2650124 122.831154 415.2453999 330.1745001 385.2959599 227.1294736 230.0915992 36.1169655 35.274977 445.551026 217.3785392 257.8193278 92.4186669 482.6669427 245.4742593 215.1639649 66.2706971 615.3036905 220.2827469 285.002376 296.0865377 39.7633412 59.4562284 222.2298774 235.222466 134.3835235 222.4812098 151.3825495 43.1612998 221.6428467 450.506927 78.4962655 170.1250752 34.7183035 147.5780427 185.7916093 49.5311922 53.609584 305.0205272 270.1879801 47.8349391 39.7184151 385.7640533 181.1195368 22.3407475 25.0946628 84.1259104 24.7602322 195.9615753 92.0091952 202.7121792 126.0474561 310.2393932 10.3928052 56.3184162 95.434105 206.5289745 220.8298592 546.4472463 385.9067095 615.6053002 436.2689958 646.253554 710.3937656 388.1031689 565.1312717 557.1806666 315.4903352 347.8562232 196.5877582 656.3540401 594.4148231 82.2120076 180.9968525 637.7206155 674.2539774 565.2254622 315.1525167 602.6211397 788.0859607 353.4107314 437.8567217 551.6575676 546.0171544 615.6539616 571.2631949 504.6369943 387.4658573 443.7756949 586.8318621 616.4116564 571.9726674 775.9963068 720.5982967 132.8019672 440.1236546 638.3939213 406.8932561 660.1715674 356.2895759 504.5379862 627.7050418 651.3218935 395.2845824 750.9505122 557.0080661 578.6534778 753.8307455 386.458112 503.435438 741.0600993 458.6675086 632.2429553 681.404159 659.38587 571.5168008 720.2969797 694.6068131 502.6363454 441.1291322 600.2024045 700.5494175 686.2720378 686.5130101 688.3145588 714.2076554 600.1744077 724.1182779 487.3404381 435.0562183 535.5286997 505.9193355 465.5327268 417.1447284 371.507043 347.1778657 550.981647 486.6003935 475.8017399 466.0820258 287.5818313 545.8995934 516.2292941 210.6206851 236.4333657 651.7364467 441.9770411 416.543392 515.2562927 565.0975234 585.2628421 640.1823874 391.1381747 425.7250114 341.802788 586.2708373 187.8209597 406.2215788 446.7250721 546.4424402 385.5658175 495.5036574 390.6000763 451.5986161 546.4586206 370.4765387 382.0685613 315.9275665 435.3922109 555.8951546 596.4551049 406.6577229 326.6600493 316.1105269 230.240023 225.215184 506.0593677
31.2650124 0.0 135.224693 430.251561 315.6687997 400.2102943 240.0634129 245.9849735 6.7863834 7.8329177 460.0823894 230.1270508 270.2710687 100.4413958 497.0201557 260.3640636 231.0487594 81.9112196 630.0907747 205.6693181 271.2977989 280.1140353 16.0112179 35.9767939 205.2312218 221.7404986 145.2536058 235.1502258 135.4347441 16.2954227 235.2831794 465.1138776 60.44374 187.9360875 46.7624187 130.3363069 170.3509968 55.4656362 30.3917045 291.3682666 255.6245239 19.6805539 45.2046292 370.0728744 165.2539688 32.9748268 16.0734719 65.221659 13.1407648 210.2970214 100.3822813 215.1749646 140.4965437 325.4069067 21.3005587 72.4419229 82.1950436 220.0889014 235.2188523 530.1516285 370.0453845 600.0331243 420.101883 630.1844632 695.0600204 372.0736423 548.4573088 540.515215 300.2349234 335.953384 180.2893855 640.3037043 578.2899353 78.113703 164.3094513 622.0313074 658.1686701 550.1819531 302.1855635 587.1267739 772.1703749 336.3789537 420.7811606 535.3380529 530.0836403 600.0435546 555.2187059 488.379836 370.5015304 426.2497573 570.3715147 600.2660264 555.4481799 760.130235 705.0387809 129.1606895 426.4958029 622.2025455 390.2577127 644.1554651 340.0767197 488.2104351 612.0852294 635.2160973 378.4165014 735.1514766 540.4298555 562.3458726 738.0883028 370.1634584 488.1363476 725.1704977 443.1045274 616.2012484 665.2915079 643.2672283 555.2683688 705.1410445 678.3186907 486.2528212 425.1160716 585.5749474 685.1841121 670.2403907 670.3235731 672.2418975 698.2176035 584.316281 708.2314802 470.5631431 420.6410409 520.100498 490.18327 450.1710436 400.3443121 355.1501832 330.3616415 535.2148986 470.2415026 460.1885819 450.1349751 270.3861788 530.1615802 500.1579028 195.5759413 220.2561849 635.3954196 425.387145 400.2456608 500.3127056 550.6544898 570.2721383 625.3800707 375.1413743 410.1308163 325.3062267 570.197485 170.8190683 390.3548205 430.3603699 530.2479367 370.1885809 480.1710074 375.1357306 435.2920683 530.2769656 355.4386944 365.3544697 300.3813115 420.4354622 540.0840132 580.264085 390.251934 310.2361175 300.2745001 216.2212321 211.2135386 490.2352682
122.831154 135.224693 0.0 295.2627106 450.331053 265.2569477 105.2114623 111.8276808 140.149239 140.0746765 325.0272204 95.2324435 135.5652492 37.1547198 362.0692964 125.5117094 96.9056995 56.802272 495.0666741 340.3514669 405.7820889 415.0074387 150.0343271 170.1272973 340.0503942 355.8102796 13.1676194 100.2936593 270.0741918 150.1194578 100.0836555 330.0429377 195.0417645 58.8681544 90.4776293 265.0122463 305.1556185 80.0939124 165.0801318 425.8967887 390.3371269 150.4254121 90.0860516 505.011407 300.0673524 105.5087522 120.0507705 200.0221448 125.0234006 75.4162874 36.7105734 80.3272693 12.2969915 190.5277232 126.1802306 66.745298 215.69036 85.0351968 100.281261 665.2004256 505.0280675 735.0117298 555.0562246 765.1317543 830.0155058 507.0139918 683.3990028 675.3990335 435.1185514 469.6895837 315.0431265 775.1765154 713.1653649 203.9146616 299.0300567 757.0247026 793.1516317 685.1032875 436.4358031 722.0227541 907.1335484 471.2450429 555.5210616 670.2098984 665.0465344 735.0135819 690.1135453 623.1939648 505.3109985 560.9001986 705.2971258 735.1703903 690.3342097 895.1032399 840.0125855 255.4165416 560.9976225 757.1813129 525.166352 779.1172981 475.0301267 623.1516978 747.0183814 770.1602896 513.2654721 870.0847694 675.3347842 697.227229 873.0543098 505.0631504 623.0412826 860.1120096 578.0154517 751.1274771 800.1988471 778.1842198 690.1824653 840.04887 813.2860562 621.1791789 560.0331488 720.2984139 820.0512421 805.1590831 805.2365891 807.1699512 833.1435229 719.1330201 843.1303267 605.3903057 555.4123023 655.0190742 625.0424286 585.0414195 535.2543222 490.0671827 465.1902774 670.0671607 605.153986 595.0357271 585.0396411 405.1986292 665.0435529 635.0808735 330.2168085 355.0351321 770.3059913 560.2286848 535.1026051 635.1420824 685.3891314 705.1204996 760.186934 510.0433712 545.0230624 460.1100741 705.1209106 305.1701376 525.1055739 565.1802512 665.1451572 505.0526097 615.0410199 510.0397886 570.1426286 665.1537061 490.1604848 500.2059235 435.0813948 555.1670717 675.0317913 715.1822768 525.1253843 445.0767851 435.0429388 350.5711879 345.5626518 625.0701778
415.2453999 430.251561 295.2627106 0.0 745.0394427 30.091969 190.7962298 185.2047524 435.3134849 435.2616038 31.1594175 200.8404028 161.8163845 330.7881964 68.0764636 170.0128727 200.1594752 350.0257605 200.0679912 635.017745 700.1253182 710.1013748 445.1831297 465.3720507 635.2529735 650.1620718 285.7225912 195.9774482 565.0490428 445.3396541 195.4687474 35.8096216 490.1026284 245.7684319 385.0409878 560.1718647 600.0214435 375.3271404 460.2713495 720.1738527 685.0149468 445.6212972 385.1995864 800.0752778 595.0391496 400.0274359 415.1605521 495.150038 420.12946 220.063641 330.7037113 215.8558892 290.0223714 105.0407692 420.0378453 360.0379981 510.0275511 210.3019753 195.0699803 960.3758627 800.1160534 1030.0924429 850.2287544 1060.3290478 1125.0553434 802.1531587 978.6330288 970.6462465 730.0305786 762.9728865 610.1285982 1070.3821266 1008.37376 495.8809858 594.1613851 1052.1387519 1088.3449416 980.0244842 730.3875176 1017.1074194 1202.3216546 766.492688 850.7776188 965.4361125 960.2067826 1030.1136049 985.3087032 918.4097502 800.5651833 856.1365187 1000.5359435 1030.3840647 985.579739 1190.2802956 1135.1136422 545.2440322 855.2987497 1052.3882459 820.3928563 1074.3095354 770.1870064 918.3658642 1042.1326002 1065.3675626 808.513957 1165.2551108 970.579866 992.4570853 1168.2062154 800.2546356 918.0452567 1155.2963225 873.0817538 1046.3255462 1095.4143371 1073.3993571 985.4028278 1135.0442499 1108.508737 916.4030394 855.1930814 1015.0924872 1115.1178215 1100.3623141 1100.4622871 1102.3790126 1128.3421081 1014.3024905 1138.3184911 900.6451224 850.0679442 950.0620637 920.1647161 880.0571786 830.4882296 785.2458521 760.4231623 965.2057668 900.3659023 890.1246275 880.1917099 700.4361583 960.1738489 930.2614711 625.023234 650.1349615 1065.5362588 855.4545882 830.2901593 930.0248222 980.0866644 1000.0275597 1055.0470989 805.157639 840.0788925 755.3020151 1000.3023736 600.3178335 820.1999192 860.3692351 960.3458819 800.0433805 910.0558408 805.0501986 865.3345645 960.3566622 785.0445894 795.415505 730.0962732 850.0530828 970.1678155 1010.3782755 820.3137875 740.2493747 730.1235578 645.0689995 640.0625841 920.2010416
330.1745001 315.6687997 450.331053 745.0394427 0.0 715.0545953 555.475848 560.0204042 310.7970764 310.702995 775.1175123 545.5043056 585.7421939 415.9960725 812.2165125 575.0524833 545.0095754 395.0219283 945.0758336 110.1778358 46.0292646 38.5878854 300.517716 280.9652836 112.193133 95.2791908 460.7063063 550.5398274 180.3464449 300.851536 550.2684432 780.0998727 255.4151703 500.2011059 360.0959365 185.87937 145.3289806 370.5543878 285.758462 28.1095553 60.2451035 301.3158972 360.456176 57.1369679 150.4633314 345.0840632 330.4312764 250.6389561 325.3614406 525.1298532 415.9162237 530.5601558 455.1198562 640.0226568 325.0388061 385.0122924 235.0614441 535.2590569 550.1161588 217.377339 57.8817648 285.6165014 107.7771005 316.5345891 380.2728422 60.5051998 236.4961152 228.5446331 17.7286802 37.4909176 135.8724783 326.6002388 264.8450381 251.047132 151.9744166 307.7709465 344.5342645 235.1153436 24.3989037 272.5478213 458.1332088 38.3641447 112.4467287 222.4790759 216.373594 285.6612559 241.6522706 175.6779653 64.7198957 120.0937896 257.7004166 286.8055922 243.0059049 446.0275833 390.5304025 206.7647272 111.205945 308.8175622 80.8495492 330.3891425 32.9105971 175.6288923 297.6797353 321.6157863 71.1596936 420.9406579 228.2060087 249.3447928 423.8112126 60.0803046 173.3875281 411.1046999 128.8986714 302.5070974 351.6590624 329.6763524 242.148349 390.1416418 365.0284385 173.8390451 112.2046425 270.1291748 370.3998961 356.4593938 356.8337204 358.5287927 384.3382089 270.3668817 394.1681607 159.6225238 105.1634223 205.5029452 176.1966938 135.5668905 91.3117095 46.8947513 32.9042748 221.1720959 157.9213744 146.0479154 136.8110277 53.6414038 216.058705 186.8519216 120.2814578 96.3892385 322.2810331 114.6621245 89.025252 185.1618916 235.1258323 255.1678742 310.0607413 63.6576751 96.2963312 27.4530217 256.7091884 146.6981322 78.2449334 118.8644653 217.1282969 56.1957534 165.467404 61.3229541 123.3764897 217.1300295 41.2454337 58.7088068 20.7765252 105.3749448 226.1100511 267.0075791 79.9510319 24.1492588 22.4215588 100.2525286 105.1783096 176.5067832
385.2959599 400.2102943 265.2569477 30.091969 715.0545953 0.0 160.8121373 155.2968863 405.2835115 405.2441722 60.4852437 170.8712158 132.0305037 300.7631236 97.5753191 140.0193369 170.2579657 320.050805 230.0475184 605.0179266 670.1483454 680.0916074 415.1614455 435.3540012 605.2414332 620.2041199 255.7187922 166.0228334 535.0454371 415.3167479 165.5326125 65.3977094 460.0847783 215.9782834 355.0383592 530.1662296 570.009699 345.3091839 430.2424723 690.1944759 655.0208152 415.613503 355.1740213 770.0642987 565.0293092 370.0319925 385.1401342 465.1318012 390.1217923 190.0679297 300.6838404 185.8917688 260.0064424 75.0906266 390.0506089 330.0689414 480.039336 180.289333 165.0567872 930.3432124 770.0963838 1000.0796331 820.2115677 1030.3148833 1095.0470937 772.1387836 948.6120388 940.6317941 700.021204 733.0582758 580.1182006 1040.3769633 978.3666446 466.0331026 564.1546452 1022.1215027 1058.3250622 950.0207355 700.4262179 987.1048692 1172.3057302 736.4763167 820.7705766 935.4269888 930.190674 1000.1002589 955.2984699 888.4064493 770.5532137 826.1320907 970.5164441 1000.3725002 955.5644502 1160.2637799 1105.1016266 515.4681366 825.3373816 1022.3667891 790.3771941 1044.2923574 740.1691115 888.3469174 1012.1245476 1035.3509627 778.5003204 1135.2449258 940.5627412 962.4458374 1138.1924152 770.2413515 888.0413815 1125.2834849 843.0741321 1016.3124745 1065.4034275 1043.3858351 955.3882268 1105.0443382 1078.4869723 886.3847545 825.1818793 985.1206656 1085.1210866 1070.3512495 1070.4499474 1072.3660467 1098.3311469 984.3047824 1108.3110305 870.6337806 820.0781157 920.0566073 890.1630416 850.0560499 800.4693168 755.2325209 730.4106462 935.2054341 870.3522666 860.1253909 850.182498 670.4241969 930.1699094 900.2494016 595.0280154 620.1281135 1035.5216643 825.4476688 800.2852332 900.0356903 950.1127234 970.0389312 1025.0642837 775.151777 810.0747511 725.2990365 970.2932023 570.3345148 790.213471 830.3704328 930.3375251 770.0414671 880.0567053 775.0429901 835.3309872 930.3498257 755.0610383 765.4079361 700.1079198 820.0715207 940.1557618 980.36841 790.3069651 710.243537 700.1268776 615.0963945 610.0879271 890.2048367
227.1294736 240.0634129 105.2114623 190.7962298 555.475848 160.8121373 0.0 25.6865257 245.0051542 245.0226034 220.2140563 10.344675 30.8559427 140.13788 257.0993022 25.8594045 26.5986616 161.2281046 390.2087857 445.4525131 510.8845542 520.0562329 255.0627066 275.028606 445.0372497 460.9746211 95.0695135 6.2393509 375.194003 255.0050074 10.7227002 225.2770772 300.1230746 65.929391 195.5581975 370.0701905 410.2435083 185.0536982 270.0193121 530.9718158 495.4505626 255.1179308 195.0698129 610.0528774 405.1595834 210.591996 225.0935803 305.0480172 230.1493556 32.6627096 140.102025 25.2326257 101.1555634 87.1472679 231.0596222 171.2814432 320.763232 21.0732556 13.3838223 770.0692364 610.0362842 840.0190023 660.0169699 870.0618465 935.0522224 612.0187138 788.2081138 780.2278534 540.1988243 574.654582 420.1185679 880.1208702 818.1069185 308.4115244 404.0964209 862.0100343 898.060007 790.1810961 541.4903183 827.0664786 1012.0664293 576.1064715 660.3255663 775.1249548 770.0185141 840.0191598 795.0750777 728.1444881 610.1710508 665.5835327 810.1588864 840.0994398 795.1924243 1000.0453629 945.0150433 359.1628167 666.1351782 862.0777934 630.0697023 884.0521463 580.0173579 728.0647905 852.0329877 875.0820175 618.1339838 975.0529833 780.1825101 802.1348994 978.0244246 610.0398062 728.1144873 965.062542 683.0666325 856.0712672 905.1207758 883.1089784 795.0991719 945.1172211 918.1484654 726.0866336 665.0318983 825.4474541 925.1074128 910.0946775 910.1409832 912.0955264 938.0823376 824.1352154 948.0932043 710.2333785 660.5304725 760.0696808 730.0722593 690.1176419 640.1112525 595.0300461 570.1025709 775.0862234 710.0714151 700.0887712 690.0381898 510.0865171 770.0602928 740.0422175 435.3404126 460.1001652 875.17693 665.1291588 640.0661888 740.2486844 790.530835 810.217511 865.3068808 615.0474397 650.0745536 565.0816997 810.0617498 410.211471 630.1406795 670.1195249 770.0820882 610.1326177 720.1159213 615.1047576 675.0889058 770.0940159 595.283039 605.1047979 540.184255 660.2951336 780.0230952 820.0973487 630.0655798 550.0593683 540.1148513 455.7089172 450.701703 730.0867005
230.0915992 245.9849735 111.8276808 185.2047524 560.0204042 155.2968863 25.6865257 0.0 251.1799287 251.0736744 215.6015204 30.0506256 40.6573733 148.2198111 252.7996116 17.673036 15.3305512 165.1415166 385.2432543 450.0359657 515.028776 525.3493034 260.7745055 281.2101582 450.7036445 465.0730875 103.8621365 28.8507383 380.2635185 261.2061175 22.9723899 220.528285 305.4784145 61.0394053 200.3116627 375.6002163 415.1532448 191.3956311 275.9760386 535.0681798 500.0218115 261.8530435 201.019364 615.2675743 410.2424642 215.2452796 230.7978135 310.6542461 235.6989217 37.5663573 147.9966337 40.3879264 105.5739286 80.242265 235.025542 175.1064316 325.021663 31.4573823 16.6335715 775.7489466 615.3387228 845.2668672 665.5520137 875.6651789 940.1609239 617.4338786 794.1723195 786.1825418 545.1209765 577.7919513 425.4081142 885.7250747 823.7293498 310.7784465 409.5152261 867.3404226 903.6825354 795.0603555 545.2248681 832.2649463 1017.6094695 582.0579685 666.4308748 780.8511957 775.4782188 845.2923975 800.6260439 733.7997796 616.1353551 671.9775423 815.9907305 845.742341 801.0631154 1005.5481317 950.2837213 360.3625351 670.1499703 867.7541517 635.8639245 889.6209833 585.4993868 733.7521201 857.3202244 880.7073287 624.0524012 980.5051824 786.0762226 807.8680209 983.4344838 615.608649 733.150468 970.5736629 688.2465124 861.6474863 910.7702345 888.7500068 800.7821676 950.1084985 923.9177249 731.8068254 670.4785748 830.0829701 930.24604 915.6892063 915.8467863 917.7178875 943.6604137 829.5855165 953.6029913 716.1997354 665.0093552 765.1995348 735.3954038 695.1813583 646.0132198 600.6205946 575.9194553 780.4495196 715.7716526 705.3184839 695.4643357 516.0067884 775.4002657 745.5776349 440.1197462 465.4144289 880.9700736 670.9412275 645.6794779 745.0739587 795.0418656 815.0875371 870.0572588 620.4597673 655.2662467 570.7281979 815.6468996 415.8204347 635.5145673 675.8143692 775.7222658 615.1719795 725.1753416 620.1912352 680.7423425 775.7286741 600.1426103 610.926431 545.2974569 665.1201988 785.4081006 825.765627 635.7360844 555.6410075 545.3730468 460.0513278 455.03765 735.4768638
36.1169655 6.7863834 140.149239 435.3134849 310.7970764 405.2835115 245.0051542 251.1799287 0.0 3.2700765 465.0876874 235.0282381 275.1263651 105.2103075 502.0361266 265.455681 236.202729 87.1121513 635.1111709 200.9142942 266.5926486 275.1019556 11.292161 30.4212376 200.1076425 216.9846614 150.0776899 240.0481246 130.5045781 10.3394584 240.1880828 470.118659 55.5675508 193.2803673 51.9384039 125.2141378 165.5294031 60.1834628 25.1854224 286.6936002 250.8146543 13.4260791 50.1933272 365.0785055 160.3513293 38.1070571 20.8264231 60.1849516 16.9099763 215.342646 105.1699976 220.0479598 145.6964214 330.5093891 25.9558934 77.6620538 77.9324708 225.0809323 240.277176 525.1145553 365.0526195 595.0240479 415.0387504 625.1059277 690.0652826 367.034253 543.3367832 535.3752744 295.3237437 331.4661063 175.2744596 635.1942617 573.1805966 75.0182258 159.2475413 617.016816 653.1006095 545.2413544 297.5896366 582.0977378 767.1062342 331.2278821 415.5790617 530.2157854 525.0385937 595.0282289 550.1313143 483.2539258 365.336547 421.0030948 565.2617503 595.1686074 550.3165374 755.0761797 700.0230266 126.2088931 421.7204995 617.1298098 385.1418493 639.0900071 335.0376151 483.1229658 607.0529841 630.1370117 373.2667126 730.0884546 535.3049315 557.2272648 733.0439359 365.0858607 483.159815 720.1023418 438.1006049 611.1217174 660.1937965 638.1777343 550.1726553 700.1503431 673.2303506 481.1601863 420.0634553 580.6136423 680.1515741 665.1539768 665.2235033 667.1556243 693.1333659 579.2169309 703.1475534 465.4054609 415.7877806 515.0966424 485.1194144 445.1726936 395.2161368 350.0688698 325.2206543 530.1429199 465.1367205 455.1426391 445.0733827 265.2138777 525.1006525 495.0819204 190.7208809 215.2129885 630.279383 420.2442248 395.1323072 495.3492051 545.7323981 565.2944637 620.4080762 370.0846972 405.1145348 320.1745013 565.1092814 165.577538 385.2437926 425.2191496 525.1468825 365.2051922 475.1690277 370.1590361 430.167852 525.1661977 350.4580202 360.2129927 295.3328663 415.4512194 535.0433211 575.1650436 385.1325564 305.1296597 295.2131938 211.4437046 206.4441617 485.146226
35.274977 7.8329177 140.0746765 435.2616038 310.702995 405.2441722 245.0226034 251.0736744 3.2700765 0.0 465.0606285 235.0349351 275.1536763 105.3633001 502.0344106 265.3745478 236.0670117 86.7850431 635.0818476 200.8295282 266.4801664 275.0691946 11.0361905 30.417661 200.0868951 216.7898658 150.1057581 240.0630736 130.3866784 10.5494455 240.1141789 470.0791171 55.4547176 193.0612525 51.6133955 125.1168905 165.4632252 60.1307858 25.2965393 286.6087434 250.7245197 13.7062905 50.1386228 365.0595869 160.2739205 37.6087649 20.6609511 60.088285 16.1382806 215.2449135 105.2446844 220.0473804 145.6003626 330.4423122 25.0508403 77.2737368 77.628706 225.0434725 240.2117938 525.1645919 365.0519801 595.014918 415.0445638 625.1125772 690.0521546 367.021569 543.3737441 535.3966208 295.2884224 331.3099174 175.2156803 635.1891776 573.1758361 74.1162587 159.1733759 617.0201407 653.1192192 545.2148132 297.4774728 582.07558 767.1177264 331.2500112 415.5982602 530.2177601 525.0417015 595.0253317 550.1285472 483.2385324 365.3512217 421.0443946 565.2904457 595.170985 550.3387152 755.089767 700.0190033 125.6830892 421.6181601 617.1551978 385.1522389 639.1061655 335.0369909 483.1419426 607.0409623 630.1517921 373.2839253 730.0875383 535.330356 557.2342218 733.0479072 365.0804622 483.1320321 720.1091467 438.0730537 611.1242676 660.1983698 638.1864074 550.1841788 700.1239389 673.2620953 481.1836056 420.0510803 580.5250157 680.1223028 665.1629613 665.2364247 667.1637911 693.1354741 579.1883405 703.1438467 465.4271206 415.7252772 515.0690994 485.0844312 445.1314369 395.2385568 350.0544161 325.2269758 530.1144072 465.1427772 455.1012286 445.0573482 265.2142773 525.0781676 495.0832967 190.5871087 215.1621788 630.2994615 420.2357609 395.1047074 495.281056 545.6462967 565.228412 620.3423564 370.0440932 405.0693196 320.1394535 565.1016791 165.4203654 385.1582673 425.1789172 525.1369827 365.1571612 475.1250291 370.1242764 430.1402379 525.1577215 350.3520577 360.1933307 295.2299658 415.3599395 535.0336205 575.1570321 385.10944 305.0988266 295.1410883 211.2586751 206.2604206 485.1019808
445.551026 460.0823894 325.0272204 31.1594175 775.1175123 60.4852437 220.2140563 215.6015204 465.0876874 465.0606285 0.0 230.227294 190.6861054 360.3344002 37.6540702 200.1341095 230.4994889 380.1395727 170.062388 665.0986491 730.3052197 740.0111857 475.0247409 495.1085593 665.0693147 680.3068949 315.2386655 225.2863842 595.0071221 475.0924116 225.0826793 5.4199723 520.0063012 276.3305079 415.0371186 590.0277754 630.0282307 405.0679674 490.0642947 750.3707753 715.1035377 475.2449352 415.0315763 830.006957 625.0057592 430.049472 445.0181056 525.0196678 450.0058787 250.0393349 360.2835561 245.2498575 320.0864383 135.3783871 450.1921019 390.1645699 540.1600852 240.0250352 225.0292668 990.1907776 830.0255955 1060.018663 880.0751447 1090.1520381 1155.0088785 832.0335921 1008.36745 1000.3705221 760.0292914 793.3473822 640.0251237 1100.1894009 1038.1782367 526.2441625 624.0315405 1082.0394751 1118.1669793 1010.0358231 760.6481363 1047.0271477 1232.1545897 796.2315421 880.4475662 995.2170978 990.0692421 1060.0247912 1015.1322933 948.1974374 830.285357 885.7239066 1030.2903831 1060.1858118 1015.3201044 1220.1259223 1165.0273275 575.8423601 885.4959628 1082.1928932 850.1740602 1104.138446 800.0484652 948.1637959 1072.0340162 1095.1767129 838.2508623 1195.1080978 1000.3195309 1022.2326317 1198.0776283 830.0855013 948.0139711 1185.1339726 903.0129565 1076.1477799 1125.2120873 1103.1989943 1015.1939689 1165.0210753 1138.2846242 946.1877288 885.0560385 1045.1518966 1145.0460524 1130.1763269 1130.2464997 1132.1872181 1158.1643271 1044.1414387 1168.1496201 930.3572497 880.1739165 980.0102896 950.0531255 910.0164254 860.2421485 815.0854601 790.1871194 995.0790377 930.1655292 920.0361617 910.0587549 730.188284 990.0567317 960.1007106 655.0563948 680.0276356 1095.3002275 885.2246564 860.1174201 960.0547592 1010.1881908 1030.0501208 1085.087331 835.0510322 870.0162804 785.1194103 1030.1377865 630.1304494 850.0924644 890.1800568 990.1608423 830.0137384 940.017244 835.0108876 895.1508488 990.1665198 815.0608285 825.1989135 760.040985 880.0695112 1000.0511123 1040.1915947 850.1341746 770.0880557 760.0340745 675.1976648 670.1903344 950.0792205
217.3785392 230.1270508 95.2324435 200.8404028 545.5043056 170.8712158 10.344675 30.0506256 235.0282381 235.0349351 230.227294 0.0 40.4665504 130.1912551 267.1556732 34.5778209 25.2613123 151.3756645 400.2328996 435.5140001 500.9634294 510.0589375 245.0807524 265.0086202 435.0174251 451.0134102 85.0362446 5.2986791 365.2091516 245.0056785 9.8111569 235.2793973 290.1432939 58.3312086 185.6235575 360.0559715 400.2850642 175.0354481 260.0262925 521.066382 485.5034571 245.0731836 185.1155304 600.0602679 395.1858561 200.6688035 215.1316044 295.0684075 220.1612037 24.2220251 130.1432906 15.0968507 91.5044627 97.0979959 221.2027593 161.4255448 310.8585574 12.3434031 14.1678933 760.0703017 600.0396758 830.0189483 650.0042749 860.0433663 925.0514595 602.0121949 778.1900555 770.1955421 530.2196691 564.7929519 410.1078302 870.0873789 808.0734145 298.565591 394.0803097 852.0083263 888.0473228 780.1955953 531.5950187 817.0543194 1002.0485183 566.0781269 650.2721283 765.0923065 760.008373 830.0155639 785.0461472 718.1021087 600.1300918 655.5242036 800.1322029 830.0702167 785.1582028 990.032447 935.0111185 349.5059628 656.1882902 852.0637873 620.0476337 874.0379394 570.0108885 718.0436442 842.0215944 865.0597787 608.0999548 965.0323802 770.1536399 792.1008976 968.0121442 600.0207001 718.1206954 955.0416065 673.062333 846.0465784 895.0909203 873.0812986 785.0718123 935.1140319 908.1304671 716.0642111 655.0178932 815.4480536 915.0894317 900.0718779 900.1155475 902.0709072 928.0582799 814.0960121 938.0638993 700.1934273 650.5671613 750.0667911 720.0483171 680.1133654 630.0864386 585.0148028 560.0685352 765.0603804 700.0482076 690.0697794 680.0201874 500.0539273 760.0384946 730.0243803 425.3715892 450.0874463 865.1486726 655.0967735 630.0407545 730.2580823 780.5485855 800.223062 855.3077444 605.0425499 640.0698867 555.0538817 800.0443379 400.1560398 620.1165508 660.0898099 760.0571192 600.1364382 710.1112548 605.1112677 665.0604412 760.0649929 585.2874671 595.0794891 530.1683863 650.294176 770.0122144 810.0752953 620.043835 540.0406575 530.098127 445.7591806 440.7505893 720.0623047
257.8193278 270.2710687 135.5652492 161.8163845 585.7421939 132.0305037 30.8559427 40.6573733 275.1263651 275.1536763 190.6861054 40.4665504 0.0 170.0834319 227.4216938 25.1726002 50.7747496 191.816938 360.5176184 475.77008 541.2672167 550.1659502 285.2610417 305.0716216 475.0740285 491.3364134 125.0688115 35.420456 405.4163303 285.0888121 37.5787187 195.7692961 330.3477593 95.3247754 226.0028137 400.1774333 440.5030003 215.2039958 300.1429068 561.3690519 525.7475674 285.0270864 225.3257671 640.1603591 435.3750599 241.0368018 255.3417367 335.2168907 260.3935665 63.045279 170.0783549 55.2451681 131.8819942 60.8522087 261.6131816 201.8670468 351.2016677 51.6774216 39.8701455 800.0346259 640.1238544 870.0738826 690.0255612 900.0097746 965.1276127 642.0693831 818.0758791 810.0858058 570.3979257 605.1963306 450.2562392 910.052367 848.0433821 339.0097361 434.2067024 892.0422014 928.0069804 820.335612 571.9446092 857.1213764 1042.0153669 606.017421 690.1461508 805.0417524 800.0255034 870.0664729 825.0376091 758.0769194 640.0551723 695.3153628 840.0514081 870.0321044 825.0695843 1030.0100761 975.049127 389.9233405 696.4901665 892.0144688 660.009677 914.0116815 610.0619866 758.0147956 882.0665386 905.0218042 648.0358667 1005.0249235 810.0609506 832.0459593 1008.0148425 640.043111 758.2353491 995.020949 713.1559845 886.0225141 935.0419349 913.0373519 825.0311296 975.2145797 948.0500447 756.0261095 695.0551894 855.624572 955.1578349 940.0349208 940.0500496 942.0279131 968.0228308 854.1036064 978.0447994 740.0927422 690.7989362 790.1586977 760.1017656 720.2297934 670.0206639 625.034848 600.0415791 805.0954627 740.017044 730.1488034 720.0589058 540.0232911 800.0828458 770.0275755 465.5973544 490.2127355 905.0668787 695.0432914 670.0421291 770.4105373 820.7539746 840.3569856 895.4620173 645.0937604 680.1661845 595.0650145 840.0214204 440.2265884 660.1677112 700.0605914 800.0267174 640.273488 750.2235001 645.2379085 705.0440532 800.037602 625.4550637 635.0365515 570.3022824 690.4580201 810.0442269 850.0300193 660.0338823 580.0721676 570.2040228 486.0427561 481.0396215 760.0964734
92.4186669 100.4413958 37.1547198 330.7881964 415.9960725 300.7631236 140.13788 148.2198111 105.2103075 105.3633001 360.3344002 130.1912551 170.0834319 0.0 397.1587675 161.4996613 133.4806892 32.4601371 530.3086479 306.0557704 371.6833697 380.2431107 115.5833383 135.2500591 305.1772485 321.9987946 45.345185 135.1835023 235.6880933 115.2205338 135.8304145 365.39575 160.6499844 94.7410186 58.7400443 230.3642917 270.7106025 46.1061428 130.2895026 391.7646242 355.9872186 115.2898981 56.0441638 470.204819 265.5505669 73.2530191 85.8619223 165.3738516 91.1090111 111.5288761 2.9496101 115.1964131 44.8574832 226.357077 94.1164927 40.1390907 182.0873862 120.6416027 136.184078 630.0368905 470.1560894 700.0911025 520.0632264 730.0563058 795.1560874 472.1088462 648.1438558 640.1956977 400.5151712 436.2046339 280.4470045 740.1464718 678.1381208 172.8709206 264.3961081 722.0549413 758.0375403 650.3945502 402.5570824 687.1845653 872.0597103 436.1027582 520.3394643 635.1382915 630.0562534 700.0900635 655.1174884 588.2106677 470.1883723 525.5882993 670.1307465 700.1130849 655.1734243 860.0429924 805.0691713 224.6853491 526.8821839 722.0502423 490.0687763 744.0476594 440.102812 588.0709783 712.1122963 735.0797842 478.142783 835.0806348 640.1527889 662.1427826 838.0458745 470.1083195 588.2934412 825.0746828 543.2194781 716.086568 765.1250977 743.1129 655.1082375 805.269617 778.1065788 586.0920094 525.1117813 685.7963268 785.2404609 770.1017781 770.1275872 772.094856 798.0854617 684.2284521 808.1239534 570.2300252 520.9839845 620.212317 590.1937678 550.317262 500.093564 455.0922902 430.1552436 635.1928007 570.0851259 560.2489021 550.1269354 370.1334507 630.1629554 600.0841214 295.8890714 320.3705917 735.1561822 525.1525265 500.1305484 600.5188375 650.9292512 670.4475563 725.5791667 475.1506728 510.2390837 425.1786696 670.0763147 270.5662394 490.304822 530.1677216 630.102844 470.3722403 580.3094355 475.3138287 535.1397375 630.1264146 455.6380556 465.130181 400.491802 520.6327551 640.0860218 680.098999 490.1104706 410.1664018 400.3494948 316.523184 311.5253699 590.1954729
482.6669427 497.0201557 362.0692964 68.0764636 812.2165125 97.5753191 257.0993022 252.7996116 502.0361266 502.0344106 37.6540702 267.1556732 227.4216938 397.1587675 0.0 237.2756937 267.732022 417.283093 133.2221558 702.1543396 767.3891853 777.0399131 512.0390361 532.0965735 702.0859591 717.4694437 352.1551499 262.2068636 632.0722883 512.062016 262.2209269 33.0590699 557.0427446 313.5423952 452.1425689 627.0678412 667.0675896 442.0782195 527.0465407 787.4378365 752.1635185 512.2044678 452.0183694 867.0289271 662.0449368 467.1528482 482.027763 562.0180321 487.051608 287.1190056 397.1292722 282.1715553 357.1220676 172.5786305 487.2889358 427.3180123 577.2402051 277.051564 262.1148678 1027.123528 867.0323828 1097.0217413 917.0681103 1127.1284246 1192.0372274 869.0397882 1045.2839188 1037.3155178 797.0774497 830.4818771 677.0821713 1137.1954252 1075.1828086 563.5229135 661.0839087 1119.0328236 1155.1257767 1047.0856047 797.7471499 1084.0717658 1269.1346571 833.193178 917.415617 1032.2045366 1027.0638057 1097.0359733 1052.142481 985.2194131 867.2618727 922.6534086 1067.2456921 1097.1768764 1052.2821572 1257.1072458 1202.0342329 613.0086229 922.6280681 1119.1493405 887.1427 1141.1165047 837.0504365 985.141474 1109.0583899 1132.1572633 875.2242172 1232.1136046 1037.2707423 1059.2191155 1235.0735118 867.0926976 985.0591406 1222.129565 940.0507921 1113.1405083 1162.2009852 1140.1868678 1052.1802263 1202.0772553 1175.228096 983.1667665 922.0701721 1082.266171 1182.1079938 1167.1671313 1167.221286 1169.1720124 1195.1527581 1081.1871509 1205.1614669 967.3243327 917.2541987 1017.0457308 987.0934821 947.0708886 897.1916515 852.0751698 827.179945 1032.1186691 967.1437533 957.0893217 947.0776412 767.1678543 1027.0921801 997.0993998 692.1212642 717.0804327 1132.2604548 922.202661 897.1167955 997.1182511 1047.2877783 1067.1069912 1122.1746915 872.0486306 907.0475836 822.1276693 1067.1158667 667.2037047 887.1255112 927.1658745 1027.1458024 867.0645104 977.0721511 872.0492585 932.1436481 1027.1620411 852.1354345 862.1638565 797.1144311 917.1594402 1037.0558674 1077.1587719 887.1164283 807.0950388 797.0887779 712.2942009 707.2893882 987.1089783
245.4742593 260.3640636 125.5117094 170.0128727 575.0524833 140.0193369 25.8594045 17.673036 265.455681 265.3745478 200.1341095 34.5778209 25.1726002 161.4996613 237.2756937 0.0 31.2077683 180.0496606 370.0273906 465.028978 530.1903286 540.1068794 275.2455814 295.5121495 465.3002207 480.2289136 116.5923385 31.0081715 395.0482698 275.4828837 27.8886662 205.0982001 320.1196659 77.6794799 215.0402297 390.2056269 430.0168882 205.5039669 290.3669225 550.257199 515.0280625 275.9085928 215.3037327 630.0755126 425.0371541 230.0304171 245.228954 325.1928797 250.1720266 50.1970517 161.3261318 48.5084426 120.0564709 65.07808 250.0785976 190.0768082 340.0572514 41.2577544 25.35889 790.4181258 630.1171956 860.089332 680.250206 890.359111 955.047841 632.1637869 808.7222204 800.7328947 560.0239836 593.3068902 440.1355259 900.4180272 838.4095293 326.3965809 424.184772 882.1401052 918.3750074 810.0192392 560.5390145 847.1078261 1032.342431 596.5802081 680.9065152 795.4855611 790.2207024 860.1132535 815.3338473 748.4558577 630.6584879 686.3424839 830.5981524 860.4187618 815.6504216 1020.2976532 965.1128393 376.3773791 685.3901939 882.4265694 650.4532982 904.3358883 600.204556 748.4060253 872.1341926 895.3992156 638.5973817 995.2680013 800.654175 822.5065437 998.2148174 630.2849153 748.0426858 985.3152493 703.0766541 876.3513455 925.4512139 903.4345497 815.4442149 965.0387482 938.5595901 746.4508768 685.2087756 845.1117067 945.1181753 930.3945052 930.5090635 932.4115894 958.3694432 844.3264178 968.340269 730.7395099 680.0878304 780.0548553 750.1700523 710.050149 660.5624403 615.2734438 590.488964 795.2171776 730.4084304 720.1261254 710.2027078 530.5182186 790.1799474 760.2844567 455.0186029 480.1440284 895.5930599 685.5191358 660.3254075 760.023737 810.1096163 830.0263458 885.0514976 635.172184 670.0748347 585.3461689 830.3313855 430.3861077 650.2271561 690.4221377 790.3815823 630.0359137 740.0490726 635.0424902 695.3758118 790.3931606 615.0462631 625.4814796 560.100154 680.0559676 800.1728588 840.4165428 650.3564752 570.2836496 560.1303577 475.10045 470.0907196 750.2171854
215.1639649 231.0487594 96.9056995 200.1594752 545.0095754 170.2579657 26.5986616 15.3305512 236.202729 236.0670117 230.4994889 25.2613123 50.7747496 133.4806892 267.732022 31.2077683 0.0 150.0855786 400.204472 435.0491508 500.0538248 510.3290274 245.7759368 266.2032286 435.6726643 450.0558438 89.2899266 26.7937735 365.2370924 246.2137571 19.8303177 235.4210855 290.4657651 46.594901 185.2874896 360.5592413 400.1557001 176.4069103 260.9853634 520.1121717 485.0258076 246.8515562 186.0460392 600.2539084 395.2301947 200.2223184 215.80213 295.6404428 220.6599681 23.638989 133.2134513 30.1714269 90.6641274 95.1789635 220.0414484 160.0545495 310.0299892 20.868275 13.4766873 760.7544472 600.3320858 830.2533331 650.5314425 860.6383196 925.1493584 602.4109558 779.1517907 771.1515632 530.119442 562.8829399 410.3801173 870.6835166 808.6899618 295.7989564 394.480667 852.3304584 888.6644471 780.0598652 530.2824087 817.2387937 1002.5881641 567.0295707 651.3870297 765.8120425 760.4595317 830.2794313 785.592316 718.7544572 601.099434 656.9373918 800.9664198 830.7092437 786.0303762 990.5306007 935.2702392 345.5912483 655.1714384 852.7375242 620.8340246 874.6004646 570.483467 718.73055 842.2985873 865.6835396 609.0210188 965.4787446 771.0488867 792.8313357 968.4152942 600.580446 718.136139 955.5484308 673.2266566 846.6181619 895.7373297 873.7204493 785.7546077 935.0926528 908.9002569 716.7854464 655.4532158 815.0528286 915.2156905 900.6601846 900.8164531 902.6894669 928.6287844 814.5368361 938.5679269 701.1638517 650.0178657 750.1791583 720.3560127 680.1567807 630.9872319 585.5915524 560.8851562 765.4101973 700.7415365 690.2827056 680.4355374 500.9727133 760.3668168 730.5507809 425.1029052 450.3822885 865.9397466 655.8995791 630.6364105 730.0511656 780.0255498 800.0620124 855.0318263 605.4264113 640.2380891 555.6818227 800.6135835 400.7411882 620.4514062 660.7602748 760.6852878 600.1508132 710.1503557 605.1762879 665.6964013 760.6891339 585.1039401 595.8859229 530.2453478 650.083966 770.3863317 810.7309555 620.6951864 540.6027806 530.3276331 445.0360902 440.0231975 720.4290458
66.2706971 81.9112196 56.802272 350.0257605 395.0219283 320.050805 161.2281046 165.1415166 87.1121513 86.7850431 380.1395727 151.3756645 191.816938 32.4601371 417.283093 180.0496606 150.0855786 0.0 550.0602799 285.0518891 350.1993735 360.2546712 96.1406012 116.7922703 285.6536961 300.1955726 68.7637135 156.4753297 215.1622727 96.9958602 155.6553154 385.1068337 140.4904381 106.3789674 35.470671 210.5441056 250.1008309 30.4208366 111.4430204 370.3036477 335.0298167 98.3029903 38.0616106 450.1805335 245.1576968 50.2671453 66.4720558 145.7339291 71.0399338 130.2369061 31.4602114 136.661166 60.4464631 245.0186156 70.1679207 10.1335137 160.0747691 140.6420094 155.1951855 610.6998622 450.2603857 680.179989 500.4575718 710.5580318 775.0920225 452.331654 629.1121705 621.1115851 380.0699805 413.6115099 260.3249352 720.6088583 658.617177 147.3555296 244.4391648 702.2555111 738.5864193 630.0324766 380.6389062 667.1716152 852.5074811 417.0238163 501.4100123 615.7482037 610.3808731 680.2064454 635.5174307 568.695555 451.0955315 507.0445443 650.9106359 680.635215 635.980411 840.4517374 785.1980934 198.6981439 505.3882761 702.6645859 470.7853927 724.5233675 420.4136463 568.6661282 692.2241061 715.6080742 459.0028847 815.3999576 621.001582 642.7665004 818.3366946 450.5141176 568.0821405 805.4691935 523.1541529 696.5394823 745.6616667 723.6460723 635.6866732 785.0514808 758.8331688 566.728144 505.37589 665.074103 765.1597109 750.585903 750.7454486 752.6119808 778.547861 664.4673094 788.4904105 551.1437313 500.0694404 600.1126348 570.279332 530.0943931 480.9573209 435.5250387 410.8658361 615.3383357 550.6778905 540.2101911 530.3582818 350.9849692 610.2916758 580.4772671 275.0583285 300.3213364 715.8779587 505.8559647 480.5696009 580.0247856 630.0749325 650.031648 705.0276975 455.3509936 490.1616945 405.6340703 650.5365141 250.7752137 470.3841964 510.7010817 610.611807 450.0868453 560.0895636 455.1104959 515.6314701 610.6190974 435.0634528 445.8509612 380.177422 500.054948 620.3073393 660.6566486 470.6344194 390.5495176 380.254937 295.0955616 290.0761707 570.3539854
